Iteration 0: robots on floor with initial tile pattern
555555555555555555555555555555555
555555555555555555555555555555555
552555555555555555555555555555555
555555555555555551555555535555555
555555555555555555555555555555555
555555555555555555555555555555555
555555555555555555555555555555555
555555555555555555555555555555555
555555555555555555555555555555555
555555555555555355555555555555555
555555555555555555555555555555555
555555555555555555555555555555555
555555555555555555555555555555555
555555555555555555555555555555555
555555555555535555555555555555525
555555555555555555555555555555555
555555555555555555555555555555555
555555555555555555555555555555555
555555555555555555555355555555555
555555555555555555555555555555555
554555555555555555555555555555555
555555555555554555555555555555555
555555555555555555555555555555555
555555555555555555555555555555555
555555555555555555555555555555555
555555555555555555555555555555555
555555555555555555555555555555555
555555555555555555555555555555555


Iteration 1: 
555555555555555555555555555555555
555555555555555555555555555555555
552222255555555555555555555555555
555555555555555551555555533333555
555555555555555551555555555555555
555555555555555351555555555555555
555555555555555351555555555555555
555555555555555351555555555555555
555555555555555355555555555555555
555555555555555355555555555555555
555555555555555555555555555555555
555555555555555555555555555555555
555555555555555555555555555555555
555555555555555555555555555555555
555555555555533333555555555555525
555555555555555555555555555555525
555555555555555555555555555555525
555555555555554555555555555555525
555555555555554555555355555555525
555555555555554555555355555555555
554444455555554555555355555555555
555555555555554555555355555555555
555555555555555555555355555555555
555555555555555555555555555555555
555555555555555555555555555555555
555555555555555555555555555555555
555555555555555555555555555555555
555555555555555555555555555555555


Iteration 2: 
555555555555555555555555555555555
555555555555555555555555555555555
552222255555555555555555555555555
555555255555555551555555533333555
555555255555555551555555555553555
555555255555555333335555555553555
555555255555555351555555555553555
555555555555511111555555555553555
555555555555555355555555555555555
555555555555555355555555555555555
555555555555555555555555555555555
555555555555555555555555555555555
555555555555555555555555555555555
555555555555555555555555555555555
555555555555533333555555555555525
555555555555555553555555555555525
555555555555555553555555555555525
555555555555554443455555555555525
555555555555554553555355555222225
555555555555554555555355555555555
554444455555554555555355555555555
555555455555554555555355555555555
555555455555555553333355555555555
555555455555555555555555555555555
555555455555555555555555555555555
555555555555555555555555555555555
555555555555555555555555555555555
555555555555555555555555555555555


Iteration 3: 
555555555555555555555555555555555
555555555555555555555555555555555
552222255555555555555555555555555
555555255555515551555555533333555
555555255555515551555555555553555
555555255555515333335555555553555
552222255555515351535555555553555
555555555555511111535555533333555
555555555555555355535555555555555
555555555555555355535555555555555
555555555555555555555555555555555
555555555555555555555555555555555
555555555555555555555555555555555
555555555555555555555555555555555
555555555555533333555555555255525
555555555555555553555555555255525
555555555555555553555555555255525
555555555555554443455555555255525
555555555555533333455355555222225
555555555555554553455355555555555
554444455555554553455355555555555
555555455555554553455355555555555
555555455555555553333355555555555
555555455555555555555555555555555
554444455555555555555555555555555
555555555555555555555555555555555
555555555555555555555555555555555
555555555555555555555555555555555


Iteration 4: 
555555555555555555555555555555555
555555555555555555555555555555555
552222255555555555555555555555555
552555255555511111555555533333555
552555255555515551555555535553555
552555255555515333335555535553555
552222255555515351535555535553555
555555555555511111535555533333555
555555555555555355535555555555555
555555555555555333335555555555555
555555555555555555555555555555555
555555555555555555555555555555555
555555555555555555555555555555555
555555555555555555555555555555555
555555555555533333555555555222225
555555555555535553555555555255525
555555555555535553555555555255525
555555555555534443455555555255525
555555555555533333455355555222225
555555555555554553455355555555555
554444455555554553455355555555555
554555455555554444455355555555555
554555455555555553333355555555555
554555455555555555555555555555555
554444455555555555555555555555555
555555555555555555555555555555555
555555555555555555555555555555555
555555555555555555555555555555555


Iteration 5: 
555555555555555555555555555555555
555555555555555555555555555555555
552222255555555555555555555555555
552555255555511111555333333333555
552555255555515551555555535553555
552555255555515331335555535553555
552222255555515351535555535553555
555555555555511111535555533333555
555555555555555355535555555555555
555555555555555333335555555555555
555555555555555355555555555555555
555555555555555355555555555555555
555555555555555355555555555555555
555555555555555355555555555555555
555555555333333333555555555222225
555555555555535553555555555255525
554555555555535553555555555255525
554555555555534443455555555255525
554555555555533333455355555222225
554555555555534553455355555555555
554444455555534553455355555555555
554555455544444444455355555555555
554555455555535553333355555555555
554555455555555555555555555555555
554444455555555555555555555555555
555555555555555555555555555555555
555555555555555555555555555555555
555555555555555555555555555555555


Iteration 6: 
555555555555555555555355555555555
555555555555555555555355555555555
552222255555555555555355555555555
552555255555511111555333333333555
552555255555515551555555535553555
552555255555515331335555535553555
552222255555515351535555535553555
555555555555511111535555533333555
555555555555555355535555555555555
555555555555555333335555555555555
555555555355555355555555555555555
555555555355555355555555555555555
555555555355555355555555555555555
555555555353333355555555555555555
555555555333333333555555555222225
555555555555535553555555555255525
554444455555535553555555555255525
554555555545534443455555555255525
554555555545533333455355555222225
554555555545534553455355555555555
554444455545534553455355555555555
554555455544444444455355555555555
554555455333335553333355555555555
554555455555555555555555555555555
554444455555555555555555555555555
555555555555555555555555555555555
555555555555555555555555555555555
555555555555555555555355555555555


Iteration 7: 
555555555555555555555355555555555
555555555555555555555355555555555
552222255555555555555355555555555
552555255555511111555333333333555
552555255555515551555555535553555
552555255555515331335555535553555
552222255555515351535555535553555
555555555555511111535555533333555
555555555555555355535555555555555
555555555553555333335555555555555
555555555333335355555555555555555
555555555353555355555555555555555
555555555353555355555555555555555
555555555353333355555555555555555
555555555333333333555555555222225
555555555555535553555555555255525
554444455555535553555555555255525
554555455544444443455555555255525
554555455345533333455355555222225
554555455345534553455355555555555
554444455345534553455355555555555
554555455344444444455355555555555
554555455333335553333355555555555
554555455555555555555555555555555
554444455555555555555555555555555
555555555555555555555555555555555
555555555555555555555555555555555
555555555555555555555333335555555


Iteration 8: 
555555555555555555555355535555555
555555555555555555555355535555555
552222255555555555555355535555555
552555255555511111555333333333555
552555255555515551555555535553555
552555255555515331335555535553555
552222255555515351535555535553555
555555555555511111535555533333555
555555555555555355535555555555555
555555555553333333335555555555555
555555555333335355555555555555555
555555555353535355555555555555555
555555555353535355555555555555555
555555555353333355555555555555555
555555555333333333555555555222225
555555555555535553555555555255525
554444455555535553555555555255525
554555455544444444455555555255525
554555455333333333455355555222225
554555455345534553455355555555555
554444455345534553455355555555555
554555455344444444455355555555555
554555455333335553333355555555555
554555455555555555555555555555555
554444455555555555555555555555555
555555555555555555555555555555555
555555555555555555555555555555555
555555555555555555555333335555555


Iteration 9: 
555555455555555555555355535555555
555555555555555555555355535555555
552222255555555555555355535555555
552555255555511111555333333333555
552555255555515551555555535553555
552555255555515331335555535553555
552222255555515351535555535553555
555555555555511311535555533333555
555555555555555355535555555555555
555555555553333333335555555555555
555555555333335355555555555555555
555555555353535355555555555555555
555555555353535355555555555555555
555555555353333355555555555555555
555555555333333333555555555222225
555555555555535553555555555255525
554444455555535553555555555255525
554555455544434444444445555255525
554555455333333333455355555222225
554555455345534553455355555555555
554444455345534553455355555555555
554555455344444444455355555555555
554555455333335553333355555555555
554555455555555555555555555555555
554444455555555555555555555555555
555555455555555555555555555555555
555555455555555555555555555555555
555555455555555555555333335555555


Iteration 10: 
554444455555555555555355535553555
555555555555555555555355535553555
552222255555555555555355535553555
552555255555511111555333333333555
552555255555515551555555535553555
552555255553333331335555535553555
552222255555515351535555535553555
555555555555511111535555533333555
555555555555555355535555555555555
555555555553333333335555555555555
555555555333335353555555555555555
555555555353535353555555555555555
555555555353535353555555555555555
555555555353333353555555555555555
555555555333333333555555555222225
555555555555535553555555555255525
554444455555535553555555555255525
554555455544434444444445555255525
554555455333333333455345555222225
554555455345534553455345555555555
554444455345534553455345555555555
554555455344444444455345555555555
554555455333335553333355555555555
554555455555555555555555555555555
554444455555555555555555555555555
555555455555555555555555555555555
555555455555555555555555555555555
555555455555555555555333335553555


Iteration 11: 
554444455555555555555355535553555
555555555553555555555355535553555
552222255553555555555355535553555
552555255553511111555333333333555
552555255553515551555555535553555
552555255553313331335555535553555
552222255555515351535555535553555
555555555555511111535555533333555
555555555555555355535555555555555
555555555553333333335555555555555
555555555333335353333355555555555
555555555353535353555555555555555
555555555353535353555555555555555
555555555353333353555555555555555
555555555333333333555555555222225
555555555355535553555555555255525
554444455355535553555555555255525
554555455344434444444445555255525
554555455333333333455345555222225
554555455345534553455345555555555
554444455345534553455345555555555
554555455344444444444445555555555
554555455333335553333355555555555
554555455555555555555555555555555
554444455555555555555555555555555
554555455555555555555555555555555
554555455555555555555555555555555
354555455555555555555333335553333


Iteration 12: 
354444455555555555555355535553555
355555555553333355555355535553555
352222255553555555555355535553555
352555255553511111555333333333555
552555255553515551555555535553555
552555255553313331335555535553555
552222255555515351535555535553555
555555555555511111535555533333555
555555555555555355535555555555555
555555555553333333335555555555555
555555555333335353333355555555555
555555555353535353555355555555555
555555555353535353555355555555555
555555555353333353555355555555555
555555555333333333555355555222225
555555555355535553555555555255525
554444455355535553555555555255525
554555455344434444444445555255525
554555455333333333455345555222225
554555455345534553455345555555555
554444455345534553455345555555555
554555455344444444444445555555555
554555455333335553333355555555555
554555455555555555555555555555555
554444455555555555555555555555555
554555455555555555555555555555555
554555455555555555555555555555555
354555455555555555555333335553333


Iteration 13: 
354444455555555555555355535553555
355555555553333355555355535553555
352222255553555355555355535553555
352555255553511311555333333333333
552555255553515351555555535553555
552555255553313331335555535553555
552222255555515351535555535553555
555555555555511111535555533333555
555555555555555355535555555555555
555555555553333333335555555555555
555555555333335353333355555555555
555555555353535353555355555555555
555555555353535353555355555555555
555555555353333353555355555555555
555555555333333333333355555222225
555555555355535553555555555255525
554444455355535553555555555255525
554555455344434444444445555255525
554555455333333333455345555222225
554555455345534553455345555555555
554444455345534553455345555555555
554555455344444444444445555555555
554555455333335553333355555555555
554555455555555555555555555555555
554444455555555555555555555555555
554555455555555555555555555555555
554555455555555555555555555555555
354555455555555555555333335553333


Iteration 14: 
354444455555555555555355535553555
355555555553333355555355535553555
352222255553555355555355535553555
352555255553511311555333333333333
552555255553515351555555535553555
552555255553313333335555535553555
552222255555515351535555535553555
555555555555511111535555533333555
555555555555555355535555555555555
555555555553333333335555555555555
555555555333335353333355555555555
555555555353535353555355555555555
554555555353535353555355555555555
554555555353333353555355555555555
554555555333333333333355555222225
554555555355535553555555555255525
554444455355535553555555555255525
554555455344434443444445555255525
554555455333333333455345555222225
554555455345534553455345555555555
554444455345534553455345555555555
554555444444444444444445555555555
554555455333335553333355555555555
554555455555555555555555555555555
554444455555555555555555555555555
554555455555555555555555555555555
554555455555555555555555555555555
354555455555555555555333335553333


Iteration 15: 
354444455555555555555355535553555
355555555553333355535355535553555
352222255553555355535355535553555
352555255553511311535333333333333
552555255553515351535555535553555
552555255553313333335555535553555
552222255555515351535555535553555
355555555555511111535555533333333
555555555555555355535555555555555
555555555553333333335555555555555
555555555333335353333355555555555
555555555353535353555355555555555
554444455353535353555355555555555
554555555353333353555355555555555
554555555333333333333355555222225
554555555355535553555555555255525
554444455355535553555555555255525
554555455344434443444445555255525
554555455333333333333345555222225
554555455345534553455345555555555
554444455345534553455345555555555
554444444444444444444445555555555
554555455333335553333355555555555
554555455555555555555555555555555
554444455555555555555555555555555
554555455555555555555555555555555
554555455555555555555555555555555
354555455555555555555333335553333
