Iteration 0: robots on floor with initial tile pattern
555555555552555555555555
555555555555555555555555
555555555555555555555555
555555555555555551555555
555555555555555555555555
555555555555555555555555
555555555555555555555555
555555555555555555555555
555555555555555555555555
555555555555555555555555
555555555555555555555555
553555555555555555555555
555555555555555555555555
555555555555555555555555
555555555555555555555555
555555555555555555555555
555555555555555555555555
555555555455555555555555
555555545555555555555555
555555555555555555555555
555555555555555555555555
555555555555555555555555
555555555555155555555555
555555555555555555555555
555555555555555555555555
555555555555555555555555
555555555555554555555555
555555555555555555555555


Iteration 1: 
555555555552554555555555
555555555555554555555555
555555555555554555555555
555555555555555551555555
555555555555555551555555
555555555555555551555555
555555555555555551555555
555555555555555551555555
555555555555555555555555
555555555555555555555555
555555555555555555555555
553555555555555555555555
555555555555555555555555
555555555555555555555555
555555555555555555555555
555555555555555555555555
555555555555555555555555
555555555455555555555555
555555541111555555555555
555555555455155555555555
555555555455155555555555
555555555455155555555555
555555555555155555555555
555555555555555555555555
555555555555555555555555
555555555555555555555555
555555555555554555555555
555555555555554555555555


Iteration 2: 
555555555552222255555555
555555555555554555555555
555555555555554555555555
555555555555555551555555
555555555555555551555555
555555555555555551555555
555555555555555551555555
555555555555555551555555
555555555555555555555555
555555555555555555555555
555555555555555555555555
553555555555555555555555
553555555555555555555555
553555555555555555555555
553511115555555555555555
553555551555555555555555
555555551555555555555555
555555551455555555555555
555555541111555555555555
555555555454155555555555
555555555454155555555555
555555555454155555555555
555555555554155555555555
555555555555555555555555
555555555555555555555555
555555555555555555555555
555555555555554555555555
555555555555554555555555


Iteration 3: 
555555555552222255555555
555555555555554255555555
555555555555554255555555
555555555555511211555555
555555555555555251555555
555555555555555551555555
555555555555555551555555
555555555555555551555555
555555555555555555555555
555555555555555555555555
555555555555555555555555
553555555555555555555555
553555555555555555555555
553555555555555555555555
553511111555555555555555
553555551555555555555555
555555551555555555555555
555555551455555555555555
555555541111555555555555
555555555454155555555555
555555555454155555555555
555555555454155555555555
555555555554155555555555
555555555555555555555555
555555555555555555555555
555555555555555555555555
555555555555554555555555
555555555555554555555555


Iteration 4: 
555555555552222255555555
555555555555554255555555
555555555555554255555555
555555555555511111555555
555555555555555251555555
555555555555555551555555
555555555555555551555555
555555555555555551555555
555555555555555555555555
555555555555555555555555
555555555555555555555555
553555555555555555555555
553555555555555555555555
553555555555555555555555
553511111555555555555555
553555551555555555555555
553555551555555555555555
553555551455555555555555
553555541111555555555555
553555555454155555555555
555555555454155555555555
555555555454155555555555
555555555554155555555555
555555555555555555555555
555555555555555555555555
555555555555555555555555
555555555555554555555555
555555555555554555555555


Iteration 5: 
555555555552222255555555
555555555555554255555555
555555555555554255555555
555555555555511111555555
555555555555555222225555
555555555555555551555555
555555555555555551555555
555555555555555551555555
555555555555555555555555
555555555555555555555555
555555555555555555555555
553555555555555555555555
553555555555555555555555
553555555555555555555555
553511111555555555555555
553555551555555555555555
553555551555555555555555
553555551455555555555555
553555541111555555555555
553555555454155555555555
555555555454155555555555
555555555454155555555555
555555555554155555555555
555555555555555555555555
555555555555555555555555
555555555555555555555555
555555555555554555555555
555555555555554555555555


Iteration 6: 
555555555552222255555555
555555555555554255555555
555555555555554255555555
555555555555511111555555
555555555555555222225555
555555555555555551525555
555555555555555551525555
555555555555555551525555
555555555555555555525555
555555555555555555555555
555555555555555555555555
553555555555555555555555
553555555555555555555555
553555555555555555555555
553511111555555555555555
553555551555555555555555
553555551555555555555555
553555551455555555555555
553555541111555555555555
553555555454155555555555
553555555454155555555555
553555555454155555555555
553555555554155555555555
553555555555555555555555
555555555555555555555555
555555555555555555555555
555555555555554555555555
555555555555554555555555


Iteration 7: 
555555555552222255555555
555555555555554255555555
555555555555554255555555
555555555555511111555555
555555555555555221225555
555555555555555551525555
555555555555555551525555
555555555555555551525555
555555555555555555525555
555555555555555555555555
555555555555555555555555
553555555555555555555555
553555555555555555555555
553555555555555555555555
553511111555555555555555
553555551555555555555555
553555551555555555555555
553555551455555555555555
553555541111555555555555
553555555454155555555555
553555555454155555555555
553555555454155555555555
553555555554155555555555
553555555555555555555555
555555555555555555555555
555555555555555555555555
555555555555554555555555
555555555555554555555555


Iteration 8: 
555555555552222255555555
555555555555554255555555
555555555555554255555555
555555555555511111555555
555555555555555221225555
555555555555555551525555
555555555555555551525555
555555555555555551525555
555555555555555555522222
555555555555555555555555
555555555555555555555555
553555555555555555555555
553555555555555555555555
553555555555555555555555
553511111555555555555555
553555551555555555555555
553555551555555555555555
553555551455555555555555
553555541111555555555555
553555555454155555555555
553555555454155555555555
553555555454155555555555
553555555554155555555555
553555555555555555555555
553555555555555555555555
553555555555555555555555
553555555555554555555555
553555555555554555555555


Iteration 9: 
555555555552222255555555
555555555555554255555555
555555555555554255555555
555555555555511111555555
555555555555555221225555
555555555555555551525555
555555555555555551525555
555555555555555551525555
555555555555555555522222
555555555555555555555552
555555555555555555555552
553555555555555555555552
553555555555555555555552
553555555555555555555555
553511111555555555555555
553555551555555555555555
553555551555555555555555
553555551455555555555555
553555541111555555555555
553555555454155555555555
553555555454155555555555
553555555454155555555555
553555555554155555555555
553555555555555555555555
553555555555555555555555
553555555555555555555555
553555555555554555555555
553555555555554555555555


Iteration 10: 
553555555552222255555555
553555555555554255555555
553555555555554255555555
553555555555511111555555
555555555555555221225555
555555555555555551525555
555555555555555551525555
555555555555555551525555
555555555555555555522222
555555555555555555555552
555555555555555555555552
553555555555555555555552
553555555555555555555552
553555555555555555555555
553511111555555555555555
553555551555555555555555
553555551555555555555555
553555551455555555555555
553555541111555555555555
553555555454155555555555
553555555454155555555555
553555555454155555555555
553555555554155555555555
553555555555555555555555
553555555555555555555555
553555555555555555555555
553555555555554555555555
553555555555554555555555


Iteration 11: 
553555555552222255555555
553555555555554255555555
553555555555554255555555
553555555555511111555555
555555555555555221225555
555555555555555551525555
555555555555555551525555
555555555555555551525555
555555555555555555522222
555555555555555555555552
555555555555555555555552
553555555555555555555552
222255555555555555555552
553555555555555555555555
553511111555555555555555
553555551555555555555555
553555551555555555555555
553555551455555555555555
553555541111555555555555
553555555454155555555555
553555555454155555555555
553555555454155555555555
553555555554155555555555
553555555555555555555555
553555555555555555555555
553555555555555555555555
553555555555554555555555
553555555555554555555555


Iteration 12: 
553555555552222255555555
553555555555554255555555
553555555555554255555555
553555555555511111555555
553555555555555221225555
553555555555555551525555
553555555555555551525555
553555555555555551525555
555555555555555555522222
555555555555555555555552
555555555555555555555552
553555555555555555555552
222255555555555555555552
553255555555555555555555
553211111555555555555555
553255551555555555555555
553255551555555555555555
553555551455555555555555
553555541111555555555555
553555555454155555555555
553555555454155555555555
553555555454155555555555
553555555554155555555555
553555555555555555555555
553555555555555555555555
553555555555555555555555
553555555555554555555555
553555555555554555555555


Iteration 13: 
553555555552222255555555
553555555555554255555555
553555555555554255555555
553555555555511111555555
553555555555555221225555
553555555555555551525555
553555555555555551525555
553555555555555551525555
555555555555555555522222
555555555555555555555552
555555555555555555555552
553555555555555555555552
222255555555555555555552
553255555555555555555555
553211111555555555555555
553255551555555555555555
553255551555555555555555
553555551455555555555555
553555541111555555555555
553555555454155555555555
553555555454155555555555
553555555454155555555555
553555555554155555555555
553555555555555555555555
553555555555555555555555
553555555555555555555555
553555555555554555555555
553555555555554555555555


Iteration 14: 
553555555552222255555555
553555555555554255555555
553555555555554255555555
553555555555511111555555
553555555555555221225555
553555555555555551525555
553555555555555551525555
553555555555555551525555
553555555555555555522222
553555555555555555555552
553555555555555555555552
553555555555555555555552
222255555555555555555552
553255555555555555555555
553211111555555555555555
553255551555555555555555
553222221555555555555555
553555551455555555555555
553555541111555555555555
553555555454155555555555
553555555454155555555555
553555555454155555555555
553555555554155555555555
553555555555555555555555
553555555555555555555555
553555555555555555555555
553555555555554555555555
553555555555554555555555


Iteration 15: 
553555555552222255555555
553555555555554255555555
553555555555554255555555
553555555555511111555555
553555555555555221225555
553555555555555551525555
553555555555555551525555
553555555555555551525555
553555555555555555522222
553555555555555555555552
553555555555555555555552
553333355555555555555552
222255555555555555555552
553255555555555555555555
553211111555555555555555
553255551555555555555555
553222221555555555555555
553555521455555555555555
553555521111555555555555
553555525454155555555555
553555525454155555555555
553555555454155555555555
553555555554155555555555
553555555555555555555555
553555555555555555555555
553555555555555555555555
553555555555554555555555
553555555555554555555555


Iteration 16: 
553555555552222255555555
553555555555554255555555
553555555555554255555555
553555555555511111555555
553555555555555221225555
553555555555555551525555
553555555555555551525555
553555555555555551525555
553555555555555555522222
553555555555555555555552
553555555555555555555552
553333355555555555555552
222255355555555555555552
553255355555555555555555
553211311555555555555555
553255351555555555555555
553222221555555555555555
553555521455555555555555
553555521111555555555555
553555525454155555555555
553555525454155555555555
553555555454155555555555
553555555554155555555555
553555555555555555555555
553555555555555555555555
553555555555555555555555
553555555555554555555555
553555555555554555555555


Iteration 17: 
553555555552222255555555
553555555555554255555555
553555555555554255555555
553555555555511111555555
553555555555555221225555
553555555555555551525555
553555555555555551525555
553555555555555551525555
553555555555555555522222
553555555555555555555552
553555555555555555555552
553333355555555555555552
222255355555555555555552
553255355555555555555555
553211311555555555555555
553255351555555555555555
553222221555555555555555
553555521455555555555555
553555521111555555555555
553555525454155555555555
553555522222155555555555
553555555454155555555555
553555555554155555555555
553555555555555555555555
553555555555555555555555
553555555555555555555555
553555555555554555555555
553555555555554555555555


Iteration 18: 
553555555552222255555555
553555555555554255555555
553555555555554255555555
553555555555511111555555
553555555555555221225555
553555555555555551525555
553555555555555551525555
553555555555555551525555
553555555555555555522222
553555555555555555555552
553555555555555555555552
553333355555555555555552
222255355555555555555552
553255355555555555555555
553211111555555555555555
553255351555555555555555
553222321555555555555555
553555321455555555555555
553555321111555555555555
553555325454155555555555
553555522222222255555555
553555555454155555555555
553555555554155555555555
553555555555555555555555
553555555555555555555555
553555555555555555555555
553555555555554555555555
553555555555554555555555


Iteration 19: 
553555555552222255555555
553555555555554255555555
553555555555554255555555
553555555555511111555555
553555555555555221225555
553555555555555551525555
553555555555555551525555
553555555555555551525555
553555555555555555522222
553555555555555555555552
553555555555555555555552
553333355555555555555552
222255355555555555555552
553255355555555555555555
553211111555555555555555
553255351555555555555555
553222321555555555555555
553555321455555555555555
553555321111555555555555
553555325454155555555555
553555522222222255555555
553555555454155255555555
553555555554155255555555
553555555555555255555555
553555555555555255555555
553555555555555555555555
553555555555554555555555
553555555555554555555555


Iteration 20: 
553555555552222255555555
553555555555554255555555
553555555555554255555555
553555555555511111555555
553555555555555221225555
553555555555555551525555
553555555555555551525555
553555555555555551525555
553555555555555555522222
553555555555555555555552
553555555555555555555552
553333355555555555555552
222255355555555555555552
553255355555555555555555
553211111555555555555555
553255351555555555555555
553222321555555555555555
553555321455555555555555
553555321111555555555555
553555325454155555555555
553555322222222255555555
553555355454155255555555
553555355554155255555555
553555355555555255555555
553555555555555255555555
553555555555555555555555
553555555555554555555555
553555555555554555555555


Iteration 21: 
553555555552222255555555
553555555555554255555555
553555555555554255555555
553555555555511111555555
553555555555555221225555
553555555555555551525555
553555555555555551525555
553555555555555551525555
553555555555555555522222
553555555555555555555552
553555555555555555555552
553333355555555555555552
222255355555555555555552
553255355555555555555555
553211111555555555555555
553255351555555555555555
553222321555555555555555
553555321455555555555555
553555321111555555555555
553555325454155555555555
553555322222222255555555
553555355454155255555555
553555355554155255555555
553555355555555255555555
553555555555555222225555
553555555555555555555555
553555555555554555555555
553555555555554555555555


Iteration 22: 
553555555552222255525555
553555555555554255555555
553555555555554255555555
553555555555511111555555
553555555555555221225555
553555555555555551525555
553555555555555551525555
553555555555555551525555
553555555555555555522222
553555555555555555555552
553555555555555555555552
553333355555555555555552
222255355555555555555552
553255355555555555555555
553211111555555555555555
553255351555555555555555
553222321555555555555555
553555321455555555555555
553555321111555555555555
553555325454155555555555
553555322222222255555555
553555355454155255555555
553555355554155255555555
553555355555555255555555
553555355555555222225555
553555355555555555525555
553555355555554555525555
553555355555554555525555


Iteration 23: 
553555555552222255525555
553555555555554255555555
553555555555554255555555
553555555555511111555555
553555555555555221225555
553555555555555551525555
553555555555555551525555
553555555555555551525555
553555555555555555522222
553555555555555555555552
553555555555555555555552
553333355555555555555552
222255355555555555555552
553255355555555555555555
553211111555555555555555
553255351555555555555555
553222321555555555555555
553555321455555555555555
553555321111555555555555
553555325454155555555555
553555322222222255555555
553555355454155255555555
553555355554155255555555
553555355555555255555555
553555355555555222225555
553555355555555555525555
553555355555554555525555
553555355555554555525555


Iteration 24: 
553555355552222255522222
553555355555554255555555
553555355555554255555555
553555355555511111555555
553555555555555221225555
553555555555555551525555
553555555555555551525555
553555555555555551525555
553555555555555555522222
553555555555555555555552
553555555555555555555552
553333355555555555555552
222255355555555555555552
553255355555555555555555
553211111555555555555555
553255351555555555555555
553222321555555555555555
553555321455555555555555
553555321111555555555555
553555325454155555555555
553555322222222255555555
553555355454155255555555
553555355554155255555555
553555355555555255555555
553555355555555222225555
553555355555555555525555
553555355555554555525555
553555355555554555525555


Iteration 25: 
553555355552222255522222
553555355555554255555552
553555355555554255555552
553555355555511111555552
553555555555555221225552
553555555555555551525555
553555555555555551525555
553555555555555551525555
553555555555555555522222
553555555555555555555552
553555555555555555555552
553333355555555555555552
222255355555555555555552
553255355555555555555555
553211111555555555555555
553255351555555555555555
553222321555555555555555
553555321455555555555555
553555321111555555555555
553555325454155555555555
553555322222222255555555
553555355454155255555555
553555355554155255555555
553555355555555255555555
553555355555555222225555
553555355555555555525555
553555355555554555525555
553555355555554555525555


Iteration 26: 
553555355552222255522222
553555355555554255555552
553555355555554255555552
553555355555511111555552
553555355555555221225552
553555355555555551525555
553555355555555551525555
553555355555555551525555
553555555555555555522222
553555555555555555555552
553555555555555555555552
553333355555555555555552
222255355555555555555552
553255355555555555555555
553211111555555555555555
553255351555555555555555
553222321555555555555555
553555321455555555555555
553555321111555555555555
553555325454155555555555
553555322222222255555555
553555355454155255555555
553555355554155255555555
553555355555555255555555
553555355555555222225555
553555355555555555525555
553555355555554555525555
553555355555554555525555


Iteration 27: 
553555355552222255522222
553555355555554255555552
553555355555554255555552
553555355555511111555552
222255355555555221225552
553555355555555551525555
553555355555555551525555
553555355555555551525555
553555555555555555522222
553555555555555555555552
553555555555555555555552
553333355555555555555552
222255355555555555555552
553255355555555555555555
553211111555555555555555
553255351555555555555555
553222321555555555555555
553555321455555555555555
553555321111555555555555
553555325454155555555555
553555322222222255555555
553555355454155255555555
553555355554155255555555
553555355555555255555555
553555355555555222225555
553555355555555555525555
553555355555554555525555
553555355555554555525555


Iteration 28: 
553555355552222255522222
553555355555554255555552
553555355555554255555552
553555355555511111555552
222255355555555221225552
553255355555555551525555
553255355555555551525555
553255355555555551525555
553255355555555555522222
553555355555555555555552
553555355555555555555552
553333355555555555555552
222255355555555555555552
553255355555555555555555
553211111555555555555555
553255351555555555555555
553222321555555555555555
553555321455555555555555
553555321111555555555555
553555325454155555555555
553555322222222255555555
553555355454155255555555
553555355554155255555555
553555355555555255555555
553555355555555222225555
553555355555555555525555
553555355555554555525555
553555355555554555525555


Iteration 29: 
553555355552222255522222
553555355555554255555552
553555355555554255555552
553555355555511111555552
222255355555555221225552
553255355555555551525555
553255355555555551525555
553255355555555551525555
553255355555555555522222
553555355555555555555552
553555355555555555555552
553333333335555555555552
222255355555555555555552
553255355555555555555555
553211111555555555555555
553255351555555555555555
553222321555555555555555
553555321455555555555555
553555321111555555555555
553555325454155555555555
553555322222222255555555
553555355454155255555555
553555355554155255555555
553555355555555255555555
553555355555555222225555
553555355555555555525555
553555355555554555525555
553555355555554555525555


Iteration 30: 
553555355552222255522222
553555355555554255555552
553555355555554255555552
553555355555511111555552
222255355555555221225552
553255355555555551525555
553255355555555551525555
553255355555555551525555
553222225555555555522222
553555355555555555555552
553555355555555555555552
553333333335555555555552
222255355535555555555552
553255355535555555555555
553211111535555555555555
553255351535555555555555
553222321555555555555555
553555321455555555555555
553555321111555555555555
553555325454155555555555
553555322222222255555555
553555355454155255555555
553555355554155255555555
553555355555555255555555
553555355555555222225555
553555355555555555525555
553555355555554555525555
553555355555554555525555


Iteration 31: 
553555355552222255522222
553555355555554255555552
553555355555554255555552
553555355555511111555552
222255355555555221225552
553255355555555551525555
553255355555555551525555
553255355555555551525555
553222225555555555522222
553555325555555555555552
553555325555555555555552
553333323335555555555552
222255325535555555555552
553255355535555555555555
553211111535555555555555
553255351535555555555555
553222321555555555555555
553555321455555555555555
553555321111555555555555
553555325454155555555555
553555322222222255555555
553555355454155255555555
553555355554155255555555
553555355555555255555555
553555355555555222225555
553555355555555555525555
553555355555554555525555
553555355555554555525555


Iteration 32: 
553555355552222255522222
553555355555554255555552
553555355555554255555552
553555355555511111555552
222255355555555221225552
553255355555555551525555
553255355555555551525555
553255355555555551525555
553222225555555555522222
553555325555555555555552
553555325555555555555552
553333323335555555555552
222255325535555555555552
553255355535555555555555
553211111535555555555555
553255351535555555555555
553222321535555555555555
553555321435555555555555
553555321131555555555555
553555325434155555555555
553555322222222255555555
553555355454155255555555
553555355554155255555555
553555355555555255555555
553555355555555222225555
553555355555555555525555
553555355555554555525555
553555355555554555525555


Iteration 33: 
553555355552222255522222
553555355555554255555552
553555355555554255555552
553555355555511111555552
222255355555555221225552
553255355555555551525555
553255355555555551525555
553255355555555551525555
553222225555555555522222
553555325555555555555552
553555325555555555555552
553333323335555555555552
222255322222555555555552
553255355535555555555555
553211111535555555555555
553255351535555555555555
553222321535555555555555
553555321435555555555555
553555321131555555555555
553555325434155555555555
553555322222222255555555
553555355454155255555555
553555355554155255555555
553555355555555255555555
553555355555555222225555
553555355555555555525555
553555355555554555525555
553555355555554555525555


Iteration 34: 
553555355552222255522222
553555355555554255555552
553555355555554255555552
553555355555511111555552
222255355555555221225552
553255355555555551525555
553255355555555551525555
553255355555555551525555
553222225555555555522222
553555325555555555555552
553555325555555555555552
553333323335555555555552
222255322222555555555552
553255355532555555555555
553211111532555555555555
553255351532555555555555
553222321532555555555555
553555321435555555555555
553555321131555555555555
553555325434155555555555
553555322232222255555555
553555355434155255555555
553555355534155255555555
553555355535555255555555
553555355555555222225555
553555355555555555525555
553555355555554555525555
553555355555554555525555


Iteration 35: 
553555355552222255522222
553555355555554255555552
553555355555554255555552
553555355555511111555552
222255355555555221225552
553255355555555551525555
553255355555555551525555
553255355555555551525555
553222225555555555522222
553555325555555555555552
553555325555555555555552
553333323335555555555552
222255322222555555555552
553255355532555555555555
553211111532555555555555
553255351532555555555555
553222321532555555555555
553555321435555555555555
553555321131555555555555
553555325434155555555555
553555322232222255555555
553555355434155255555555
553555355534155255555555
553555355535555255555555
553555355555555222225555
553555355555555555525555
553555355555554555525555
553555355555554555525555


Iteration 36: 
553555355552222255522222
553555355555554255555552
553555355555554255555552
553555355555511111555552
222255355555555221225552
553255355555555551525555
553255355555555551525555
553255355555555551525555
553222225555555555522222
553555325555555555555552
553555325555555555555552
553333323335555555555552
222255322222555555555552
553255355532555555555555
553211111532555555555555
553255351532555555555555
553222321532222255555555
553555321435555555555555
553555321131555555555555
553555325434155555555555
553555322232222255555555
553555355434155255555555
553555355534155255555555
553555355535555255555555
553555355535555222225555
553555355535555555525555
553555355535554555525555
553555355535554555525555


Iteration 37: 
553555355552222255522222
553555355555554255555552
553555355555554255555552
553555355555511111555552
222255355555555221225552
553255355555555551525555
553255355555555551525555
553255355555555551525555
553222225555555555522222
553555325555555555555552
553555325555555555555552
553333323335555555555552
222255322222555555555552
553255355532555555555555
553211111532555555555555
553255351532555555555555
553222321532222255555555
553555321435555255555555
553555321131555255555555
553555325434155255555555
553555322232222255555555
553555355434155255555555
553555355534155255555555
553555355535555255555555
553555355535555222225555
553555355535555555525555
553555355535554555525555
553555355535554555525555


Iteration 38: 
553555355532222255522222
553555355535554255555552
553555355535554255555552
553555355535511111555552
222255355555555221225552
553255355555555551525555
553255355555555551525555
553255355555555551525555
553222225555555555522222
553555325555555555555552
553555325555555555555552
553333323335555555555552
222255322222555555555552
553255355532555555555555
553211111532555555555555
553255351532555555555555
553222321532222255555555
553555321435555255555555
553555321131555255555555
553555325434155255555555
553555322232222255555555
553555355434155255555555
553555355534155255555555
553555355535555255555555
553555355535555222225555
553555355535555555525555
553555355535554555525555
553555355535554555525555


Iteration 39: 
553555355532222255522222
553555355535554255555552
553555355535554255555552
553555355535511111555552
222255355555555221225552
553255355555555551525555
553255355555555551525555
553255355555555551525555
553222225555555555522222
553555325555555555555552
553555325555555555555552
553333323335555555555552
222255322222555555555552
553255355532555555555555
553211111532555555555555
553255351532555555555555
553222321532222255555555
553555321432555255555555
553555321132555255555555
553555325432155255555555
553555322232222255555555
553555355434155255555555
553555355534155255555555
553555355535555255555555
553555355535555222225555
553555355535555555525555
553555355535554555525555
553555355535554555525555


Iteration 40: 
553555355532222255522222
553555355535554255555552
553555355535554255555552
553555355535511111555552
222255355535555221225552
553255355535555551525555
553255355535555551525555
553255355535555551525555
553222225555555555522222
553555325555555555555552
553555325555555555555552
553333323335555555555552
222255322222555555555552
553255355532555555555555
553211111532555555555555
553255351532555555555555
553222322222222255555555
553555321432555255555555
553555321132555255555555
553555325432155255555555
553555322232222255555555
553555355434155255555555
553555355534155255555555
553555355535555255555555
553555355535555222225555
553555355535555555525555
553555355535554555525555
553555355535554555525555


Iteration 41: 
553555355532222255522222
553555355535554255555552
553555355535554255555552
553555355535511111555552
222255355535555221225552
553255355535555551525555
553255355535555551525555
553255355535555551525555
553222225555555555522222
553555325555555555555552
553555325555555555555552
553333323335555555555552
222255322222555555555552
553255355532555555555555
553211111532555555555555
553255351532555555555555
553222322222222255555555
553555321432555255555555
553555321132555255555555
553555325432155255555555
553555322232222255555555
553555355434155255555555
553555355534155255555555
553555355535555255555555
553555355535555222225555
553555355535555555525555
553555355535554555525555
553555355535554555525555


Iteration 42: 
553555355532222255522222
553555355535554255555552
553555355535554255555552
553555355535511111555552
222255355535555221225552
553255355535555551525555
553255355535555551525555
553255355535555551525555
553222225535555555522222
553555325535555555555552
553555325535555555555552
553333323335555555555552
222255322222555555555552
553255355532555555555555
553211111532555555555555
553255351532555555555555
553222221222222255555555
553555321432555255555555
553555321132555255555555
553555325432155255555555
553555322232222255555555
553555355434155255555555
553555355534155255555555
553555355535555255555555
553555355535555222225555
553555355535555555525555
553555355535554555525555
553555355535554555525555


Iteration 43: 
553555355532222255522222
553555355535554255555552
553555355535554255555552
553555355535511111555552
222255355535555221225552
553255355535555551525555
553255355535555551525555
553255355535555551525555
553222225535555555522222
553555325535555555555552
553555325535555555555552
553333323333333555555552
222255322222555555555552
553255355532555555555555
553211111532555555555555
553255351532555555555555
553222221222222255555555
553255321432555255555555
553255321132555255555555
553255325432155255555555
553255322232222255555555
553555355434155255555555
553555355534155255555555
553555355535555255555555
553555355535555222225555
553555355535555555525555
553555355535554555525555
553555355535554555525555


Iteration 44: 
553555355532222255522222
553555355535554255555552
553555355535554255555552
553555355535511111555552
222255355535555221225552
553255355535555551525555
553255355535555551525555
553255355535555551525555
553222225535555555522222
553555325535555555555552
553555325535555555555552
553333323333333555555552
222255322222553555555552
553255355532553555555555
553211111532553555555555
553255351532553555555555
553222221222222255555555
553255321432555255555555
553255321132555255555555
553255325432155255555555
553255322232222255555555
553555355434155255555555
553555355534155255555555
553555355535555255555555
553555355535555222225555
553555355535555555525555
553555355535554555525555
553555355535554555525555


Iteration 45: 
553555355532222255522222
553555355535554255555552
553555355535554255555552
553555355535511111555552
222255355535555221225552
553255355535555551525555
553255355535555551525555
553255355535555551525555
553222225535555555522222
553555325535555555555552
553555325535555555555552
553333323333333555555552
222255322222553555555552
553255355532553555555555
553211111532553555555555
553255351532553555555555
553222221222222255555555
553255321432555255555555
553255321132555255555555
553255325432155255555555
553222222232222255555555
553555355434155255555555
553555355534155255555555
553555355535555255555555
553555355535555222225555
553555355535555555525555
553555355535554555525555
553555355535554555525555


Iteration 46: 
553555355532222255522222
553555355535554255555552
553555355535554255555552
553555355535511111555552
222255355535555221225552
553255355535555551525555
553255355535555551525555
553255355535555551525555
553222225535555555522222
553555325535555555555552
553555325535555555555552
553333323333333555555552
222255322222553555555552
553255355532553555555555
553211111532553555555555
553255351532553555555555
553222221222223255555555
553255321432553255555555
553255321132553255555555
553255325432153255555555
553222222232222255555555
553555355434155255555555
553555355534155255555555
553555355535555255555555
553555355535555222225555
553555355535555555525555
553555355535554555525555
553555355535554555525555


Iteration 47: 
553555355532222255522222
553555355535554255555552
553555355535554255555552
553555355535511111555552
222255355535555221225552
553255355535555551525555
553255355535555551525555
553255355535555551525555
553222225535555555522222
553555325535555555555552
553555325535555555555552
553333323333333555555552
222255322222553555555552
553255355532553555555555
553211111532553555555555
553255351532553555555555
553222221222223255555555
553255321432553255555555
553255321132553255555555
553255325432153255555555
553222222222222255555555
553555355434155255555555
553555355534155255555555
553555355535555255555555
553555355535555222225555
553555355535555555525555
553555355535554555525555
553555355535554555525555


Iteration 48: 
553555355532222255522222
553555355535554255555552
553555355535554255555552
553555355535511111555552
222255355535555221225552
553255355535555551525555
553255355535555551525555
553255355535555551525555
553222225535555555522222
553555325535555555555552
553555325535555555555552
553333323333333555555552
222255322222553555555552
553255355532553555555555
553211111532553555555555
553255351532553555555555
553222221222223255555555
553255321432553255555555
553255321132553255555555
553255325432153255555555
553222222222223255555555
553555355434153255555555
553555355534153255555555
553555355535553255555555
553555355535555222225555
553555355535555555525555
553555355535554555525555
553555355535554555525555


Iteration 49: 
553555355532222255522222
553555355535554255555552
553555355535554255555552
553555355535511111555552
222255355535555221225552
553255355535555551525555
553255355535555551525555
553255355535555551525555
553222225535555555522222
553555325535555555555552
553555325535555555555552
553333323333333555555552
222255322222553555555552
553255355532553555555555
553211111532553555555555
553255351532553555555555
553222221222223255555555
553255321432553255555555
553255321132553255555555
553255325432153255555555
553222222222222255555555
553555355434153255555555
553555355534153255555555
553555355535553255555555
553555355535555222225555
553555355535555555525555
553555355535554555525555
553555355535554555525555


Iteration 50: 
553555355532222255522222
553555355535554255555552
553555355535554255555552
553555355535511111555552
222255355535555221225552
553255355535555551525555
553255355535555551525555
553255355535555551525555
553222225535555555522222
553555325535555555555552
553555325535555555555552
553333323333333555555552
222255322222553555555552
553255355532553555555555
553211111532553555555555
553255351532553555555555
553222221222223255555555
553255321432553255555555
553255321132553255555555
553255325432153255555555
553222222222222255555555
553555355434153255555555
553555355534153255555555
553555355535553255555555
553555355535553222225555
553555355535553555525555
553555355535553555525555
553555355535553555525555


Iteration 51: 
553555355532223255522222
553555355535553255555552
553555355535554255555552
553555355535513111555552
222255355535555221225552
553255355535555551525555
553255355535555551525555
553255355535555551525555
553222225535555555522222
553555325535555555555552
553555325535555555555552
553333323333333555555552
222255322222553555555552
553255355532553555555555
553211111532553555555555
553255351532553555555555
553222221222223255555555
553255321432553255555555
553255321132553255555555
553255325432153255555555
553222222222222222225555
553555355434153255555555
553555355534153255555555
553555355535553255555555
553555355535553222225555
553555355535553555525555
553555355535553555525555
553555355535553555525555


Iteration 52: 
553555355532223255522222
553555355535553255555552
553555355535554255555552
553555355535514111555552
222255355535554221225552
553255355535554551525555
553255355535554551525555
553255355535555551525555
553222225535555555522222
553555325535555555555552
553555325535555555555552
553333323333333555555552
222255322222553555555552
553255355532553555555555
553211111532553555555555
553255351532553555555555
553222221222223255555555
553255321432553255555555
553255321132553255555555
553255325432153255555555
553222222222222222225555
553555355434153255525555
553555355534153255525555
553555355535553255525555
553555355535553222225555
553555355535553555525555
553555355535553555525555
553555355535553555525555


Iteration 53: 
553555355532223255522222
553555355535553255555552
553555355535553255555552
553555355535514111555552
222255355535554221225552
553255355535554551525555
553255355535554551525555
553255355535555551525555
553222225535555555522222
553555325535555555555552
553555325535555555555552
553333323333333555555552
222255322222553555555552
553255355532553555555555
553211111532553555555555
553255351532553555555555
553222221222223255555555
553255321432553255555555
553255321132553255555555
553255325432153255555555
553222222222222222225555
553555355434153255525555
553555355534153255525555
553555355535553255525555
553555355535553222225555
553555355535553555525555
553555355535553555525555
553555355533333555525555


Iteration 54: 
553555355532223255522222
553555355535553255555552
553555355535553255555552
553555355535514111555552
222255355535554221225552
553255355535554551525555
553255355535554551525555
553255355535555551525555
553222225535555555522222
553555325535555555555552
553555325535555555555552
553333323333333555555552
222255322222553555555552
553255355532553555555555
553211111532553555555555
553255351532553555555555
553222221222223255555555
553255321432553255555555
553255321132553255555555
553255325432153255555555
553222222222222222225555
553555355434153255525555
553555355534153255525555
553555355535553255525555
553555355535553222225555
553555355535553555525555
553555355535553555525555
553555355533333555525555


Iteration 55: 
553555355532223255522222
553555355535553255555552
553555355535553255555552
553555355535511111555552
222255355535554221225552
553255355535554551525555
553255355535554551525555
553255355535555551525555
553222225535555555522222
553555325535555555555552
553555325535555555555552
553333323333333555555552
222255322222553555555552
553255355532553555555555
553211111532553555555555
553255351532553555555555
553222221222223255555555
553255321432553255555555
553255321132553255555555
553255325432153255555555
553222222222222222225555
553555355434153255525555
553555355534153255525555
553555355535553255525555
553555355535553222225555
553555355535553555525555
553555355535553555525555
553555355533333555525555


Iteration 56: 
553555355532223255522222
553555355535553255555552
553555355535553255555552
553555355533333111555552
222255355535554221225552
553255355535554551525555
553255355535554551525555
553255355535555551525555
553222225535555555522222
553555325535555555555552
553555325535555555555552
553333323333333555555552
222255322222553555555552
553255355532553555555555
553211111532553555555555
553255351532553555555555
553222221222223255555555
553255321432553255555555
553255321132553255555555
553255325432153255555555
553222222222222222225555
553555355432153255525555
553555355532153255525555
553555355532553255525555
553555355532553222225555
553555355535553555525555
553555355535553555525555
553555355533333555525555


Iteration 57: 
553555355532223255522222
553555355535553255555552
553555355535553255555552
553555355533333111555552
222255355535553221225552
553255355535553551525555
553255355535554551525555
553255355535553551525555
553222225535555555522222
553555325535555555555552
553555325535555555555552
553333323333333555555552
222255322222553555555552
553255355532553555555555
553211111532553555555555
553255351532553555555555
553222221222223255555555
553255321432553255555555
553255321132553255555555
553255325432153255555555
553222222222222222225555
553555355432153255525555
553555355534153255525555
553555355532553255525555
553555355532553222225555
553555355535553555525555
553555355535553555525555
553555355533333555525555


Iteration 58: 
553555355532223255522222
553555355535553255555552
553555355535553255555552
553555355533333111555552
222255355535553221225552
553255355535553551525555
553255355535554551525555
553255355535554551525555
553222225535554555522222
553555325535554555555552
553555325535554555555552
553333323333333555555552
222255322222553555555552
553255355532553555555555
553211111532553555555555
553255351532553555555555
553222221222223255555555
553255321432553255555555
553255321132553255555555
553255325432153255555555
553222222222222222225555
553555355432153255525555
553555355534444455525555
553555355532553255525555
553555355532222222225555
553555355535553555525555
553555355535553555525555
553555355533333555525555


Iteration 59: 
553555355532223255522222
553555355535553255555552
553555355535553255555552
553555355533311111555552
222255355535553221225552
553255355535553551525555
553255355535554551525555
553255355535554551525555
553222225535553555522222
553555325535553555555552
553555325535554555555552
553333323333333555555552
222255322222553555555552
553255355532553555555555
553211111532553555555555
553255351532553555555555
553222221222223255555555
553255321432553255555555
553255321132553255555555
553255325432153255555555
553222222222222222225555
553555355432153255525555
553555355534444455525555
553555355532553255525555
553555355532222222225555
553555355535553555525555
553555355535553555525555
553555355533333555525555


Iteration 60: 
553555355532223255522222
553555355535553255555552
553555355535553255555552
553555355533311111555552
222255355535553221225552
553255355535553551525555
553255355535554551525555
553255355535554551525555
553222225535553555522222
553555325535553555555552
553555325535554555555552
553333323333334333355552
222255322222554555555552
553255355532554555555555
553211111532554555555555
553255351532553555555555
553222221222223255555555
553255321432553255555555
553255321132553255555555
553255325432153255555555
553222222222222222225555
553555355432153255525555
553555355534444455525555
553555355532553255525555
553555355532222222225555
553555355535553555525555
553555355535553555525555
553555355533333555525555


Iteration 61: 
553555355532213255522222
553555355535513255555552
553555355535513255555552
553555355533311111555552
222255355535553221225552
553255355535553551525555
553255355535554551525555
553255355535554551525555
553222225535553555522222
553555325535553555555552
553555325535554555555552
553333323333334333355552
222255322222554555355552
553255355532554555355555
553211111532554444455555
553255351532553555355555
553222221222223255555555
553255321432553255555555
553255321132553255555555
553255325432153255555555
553222222222222222225555
553555355432153255525555
553555355534444455525555
553555355532553255525555
553555355532222222225555
553555355535553555525555
553555355535553555525555
553555355111133555525555


Iteration 62: 
553555355532213255522222
553555355535513255555552
553555355535513255555552
553555355533311111555552
222255355535553221225552
553255355535553551525555
553255355535554551525555
553255355535554551525555
553222225535553555522222
553555325535553555555552
553555325535554444555552
553333323333334333455552
222255322222554555455552
553255355532554555455555
553211111532554444455555
553255351532553555355555
553222221222223255555555
553255321432553255555555
553255321132553255555555
553255325432153255555555
553222222222222222225555
553555355432153255525555
553555355534444455525555
553555355532553255525555
553555355532222222222222
553555355535553555525555
553555355535553555525555
553555355111113555525555


Iteration 63: 
553555355532213255522222
553555355535513255555552
553555355535513255555552
553555355533311111555552
222255355535553221225552
553255355535553551525555
553255355544444551525555
553255355535554551525555
553222225535554555522222
553555325535554555555552
553555325535554444555552
553333323333334333455552
222255322222554555455552
553255355532554555455555
553211111532554444455555
553255351532553555355555
553222221222223255355555
553255321432553255355555
553255321132553255355555
553255325432153255355555
553222222222222222225555
553555355432153255525555
553555355534444455525555
553555355111153255525555
553555355532212222222222
553555355535513555525552
553555355535513555525552
553555355111113555525552


Iteration 64: 
553555355532213255522222
553555355535513255555552
553555355535513255555552
553555355533311111555552
222255355535553221225552
553255355535553551525555
553255355544444551525555
553255355535554551525555
553222225535554555522222
553555325535554555555552
553555325535554444555552
553333323333334333455552
222255322222554555455552
553255355532554555455555
553211111532554444455555
553255351532553555355555
553222221222223255355555
553255321432553255355555
553255321132553255355555
553255325432153255355555
553222222222222222225555
553555355432153255525555
553555355534444455525555
553555355111113255525555
553555355532212222222222
553555355535513555525552
553555355535513555525552
553555355111113555525552


Iteration 65: 
553555355532213255522222
553555355535513255555552
553555355535513255555552
553555355533311111555552
222255355535553221225552
553255355535553551525555
553255355544444551525555
553255355535554551525555
553222225535554555522222
553555325535554555555552
553555325535554444555552
553333323333334333455552
222255322222554555455552
553255355532554555455555
553211111532554444455555
553255351532553555355555
553222221222223255355555
553255321432553255355555
553255321132553255355555
553255325432153255355555
553222222222222222325555
553555355432153255325555
553555355534444455325555
553555355111113255325555
553555355532212222222222
553555355535513555525552
553555355535513555525552
553555355111113555525552


Iteration 66: 
553555355532213255522222
553555355535513255555552
553555355535513255555552
553555355533311111555552
222255355535553221225552
553255355535553551525555
553255355544444551525555
553255355535554551525555
553222225535554555522222
553555325535554555555552
553555325535554444555552
553333323333334333455552
222255322222554555455552
553255355532554555455555
553211111532554444455555
553255351532553555355555
553222221222223255355555
553255321432553255355555
553255321132553255355555
553255325432153255355555
553222222222222222325555
553555355432153255325555
553555355534444455325555
553555355111113255325555
553555355532212222222222
553555355535513555525552
553555355535513555525552
553555355111113555525552


Iteration 67: 
553555355532213255522222
553555355535513255555552
553555355535513255555552
553555355533311111555552
222255355535553221225552
553255355535553551525555
553255355544444551525555
553255355535554551525555
553222225535554555522222
553555325535554555555552
553555325535554444555552
553333323333334333455552
222255322222554555455552
553255355532554555455555
553211111532554444455555
553255351532553555355555
553222221222223255355555
553255321432553255355555
553255321132553255355555
553255325432153255355555
553222222222222222325555
553555355432153255325555
553555355534444455325555
553555355111113255325555
553555355532212222322222
553555355535513255325552
553555355535513255325552
553555355111113255325552


Iteration 68: 
553555355532213255522222
553555355535513255555552
553555355535513255555552
553555355533311111555552
222255355535553221225552
553255355535553551525555
553255355544444551525555
553255355535554551525555
553222225535554555522222
553555325535554555555552
553555325535554444555552
553333323333334333455552
222255322222554555455552
553255355532554555455555
553211111532554444455555
553255351532553555355555
553222221222223255355555
553255321432553255355555
553255321132553255355555
553255325432153255355555
553222222222222222325555
553555355432153255325555
553555355534444455325555
553555355111113255325555
553555355532222222322222
553555355535513255325552
553555355535513255325552
553555355111113255325552


Iteration 69: 
553555355532213255322222
553555355535513255355552
553555355535513255355552
553555355533311111355552
222255355535553221225552
553255355535553551525555
553255355544444551525555
553255355535554551525555
553222225535554555522222
553555325535554555555552
553555325535554444555552
553333323333334333455552
222255322222554555455552
553255355532554555455555
553211111532554444455555
553255351532553555355555
553222221222223255355555
553255321432553255355555
553255321132553255355555
553255325432153255355555
553222222222222222325555
553555355432153255325555
553555355534444455325555
553555355111113255325555
553555355532212222322222
553555355532513255325552
553555355532513255325552
553555355112113255325552


Iteration 70: 
553555355532213255322222
553555355535513255355552
553555355535513255355552
553555355533311111355552
222255355535553221225552
553255355535553551525555
553255355544444551525555
553255355535554551525555
553222225535554555522222
553555325535554555555552
553555325535554444555552
553333323333334333455552
222255322222554555455552
553255355532554555455555
553211111532554444455555
553255351532553555355555
553222221222223255355555
553255321432553255355555
553255321132553255355555
553255325432153255355555
553222222222222222325555
553555355432153255325555
553555355534444455325555
553555355111113255325555
553555322222212222322222
553555355532513255325552
553555355532513255325552
553555355112113255325552


Iteration 71: 
553555355532213255322222
553555355535513255355552
553555355535513255355552
553555355533311111355552
222255355535553221325552
553255355535553551325555
553255355544444551325555
553255355535554551325555
553222225535554555522222
553555325535554555555552
553555325535554444555552
553333323333334333455552
222255322222554555455552
553255355532554555455555
553211111532554444455555
553255351532553555355555
553222221222223255355555
553255321432553255355555
553255321132553255355555
553255325432153255355555
553222222222222222325555
553555355432153255325555
553555355534444455325555
553555355111113255325555
553555322222212222322222
553555355532513255325552
553555355532513255325552
553555355112113255325552


Iteration 72: 
553555355532213255322222
553555355535513255355552
553555355535513255355552
553555355533311111355552
222255355535553221325552
553255355535553551325555
553255355544444551325555
553255355535554551325555
553222225535554555522222
553555325535554555555552
553555325535554444555552
553333323333334333455552
222255322222554555455552
553255355532554555455555
553211111532554444455555
553255351532553555355555
553222221222223255355555
553255321432553255355555
553255321132553255355555
553255325432153255355555
553222222222222222325555
553555355432153255325555
553555355534444455325555
553555355111113255325555
553555322222212222322222
553555355532513255325552
553555355532513255325552
553555355112113255325552


Iteration 73: 
553555355532213255322222
553555355535513255355552
553555355535513255355552
553555355533311111355552
222255355535553221325552
553255355535553551325555
553255355544444551325555
553255355535554551325555
553222225535554555322222
553555325535554555355552
553555325535554444355552
553333323333334333355552
222255322222554555455552
553255355532554555455555
553211111532554444455555
553255351532553555355555
553222221222223255355555
553255321432553255355555
553255321132553255355555
553255325432153255355555
553222222222222222325555
553555355432153255325555
553555355534444455325555
553555355111113255325555
553555322222222222322222
553555355532513255325552
553555355532513255325552
553555355112113255325552


Iteration 74: 
553555355532213255322222
553555355535513255355552
553555355535513255355552
553555355533311111355552
222255355535553221325552
553255355535553551325555
553255355544444551325555
553255355535554551325555
553222225535554555322222
553555325535554555355552
553555325535554444355552
553333323333334333355552
222255322222554555355552
553255355532554555355555
553211111532554444355555
553255351532553555355555
553222221222223255355555
553255321432553255355555
553255321132553255355555
553255325432153255355555
553222222222222222325555
553555355432153255325555
553555355534444455325555
553555355111113255325555
553555322222222222322222
553555355532513255325552
553555355532513255325552
553555355112113255325552


Iteration 75: 
553555355532213255322222
553555355535513255355552
553555355535513255355552
553555355533311111355552
222255355535553221325552
553255355535553551325555
553255355544444551325555
553255355535554551325555
553222225535554555322222
553555325535554555355552
553555325535554444355552
553333323333334333355552
222255322222554555355552
553255355532554555355555
553211111532554444355555
553255351532553555333335
553222221222223255355555
553255321432553255355555
553255321132553255355555
553255325432153255355555
553222222222222222325555
553555355432153255325555
553555355534444455325555
553555355111113255325555
553555322222212222222222
553555355532513255325552
553555355532513255325552
553555355112113255325552


Iteration 76: 
553555355532213255322222
553555355535513255355552
553555355535513255355552
553555355533311111355552
222255355535553221325552
553255355535553551325555
553255355544444551325555
553255355535554551325555
553222225535554555322222
553555325535554555355552
553555325535554444355552
553333323333334333355552
222255322222554555355552
553255355532554555355555
553211111532554444355555
553255351532553555333335
553222221222223255355535
553255321432553255355535
553255321132553255355535
553255325432153255355535
553222222222222222325555
553555355432153255325555
553555355534444455325555
553555355111113255325555
553555322222212222222222
553555355532513255325552
553555355532513255325552
553555355112113255325552


Iteration 77: 
553555355532213255322222
553555355535513255355552
553555355535513255355552
553555355533311111355552
222255355535553221325552
553255355535553551325555
553255355544444551325555
553255355535554551325555
553222225535554555322222
553555325535554555355552
553555325535554444355552
553333323333334333355552
222255322222554555355552
553255355532554555355555
553211111532554444355555
553255351532553555333335
553222221222223255355535
553255321432553255355535
553255321132553255355535
553255325432153255355535
553222222222222222325555
553555355432153255325555
553555355534444455325555
553555355111113255325555
553555322222212222222222
553555355532513255325552
553555355532513255325552
553555355112113255325552


Iteration 78: 
553555355532213255322222
553555355535513255355552
553555355535513255355552
553555355533311111355552
222255355535553221325552
553255355535553551325555
553255355544444551325555
553255355535554551325555
553222225535554555322222
553555325535554555355552
553555325535554444355552
553333323333334333355552
222255322222554555355552
553255355532554555355555
553211111532554444355555
553255351532553555333335
553222221222223255355535
553255321432553255355535
553255321132553255355535
553255325432153255355535
553222222222222222325535
553555355432153255325535
553555355534444455325535
553555355111113255325535
553555322222212222222222
553555355532513255325552
553555355532513255325552
553555355112113255325552


Iteration 79: 
553555355532213255322222
553555355535513255355552
553555355535513255355552
553555355533311111355552
222255355535553221325552
553255355535553551325555
553255355544444551325555
553255355535554551325555
553222225535554555322222
553555325535554555355552
553555325535554444355552
553333323333334333355552
222255322222554555355552
553255355532554555355555
553211111532554444355555
553255351532553555333335
553222221222223255355535
553255321432553255355535
553255321132553255355535
553255325432153255355535
553222222222222222325535
553555355432153255325535
553555355534444455325535
553555355111113255325535
222255322222212222222222
553555355532513255325552
553555355532513255325552
553555355112113255325552


Iteration 80: 
553255355532213255322222
553555355535513255355552
553555355535513255355552
553555355533311111355552
222255355535553221325552
553255355535553551325555
553255355544444551325555
553255355535554551325555
553222225535554555322222
553555325535554555355552
553555325535554444355552
553333323333334333355552
222255322222554555355552
553255355532554555355555
553211111532554444355555
553255351532553555333335
553222221222223255355535
553255321432553255355535
553255321132553255355535
553255325432153255355535
553222222222222222325535
553555355432153255325535
553555355534444455325535
553555355111113255325535
222255322222212222222232
553255355532513255325532
553255355532513255325532
553255355112113255325532


Iteration 81: 
553255355532213255322222
553555355535513255355552
553555355535513255355552
553555355533311111355552
222255355535553221325552
553255355535553551325555
553255355544444551325555
553255355535554551325555
553222225535554555322222
553555325535554555355552
553555325535554444355552
553333323333334333355552
222255322222554555355552
553255355532554555355555
553211111532554444355555
553255351532553555333335
553222221222223255355535
553255321432553255355535
553255321132553255355535
553255325432153255355535
553222222222222222325535
553555355432153255325535
553555355534444455325535
553555355111113255325535
222255322222212222222232
553255355532513255325532
553255355532513255325532
553255355112113255325532


Iteration 82: 
553222225532213255322232
553555355535513255355532
553555355535513255355532
553555355533311111355532
222255355535553221325552
553255355535553551325555
553255355544444551325555
553255355535554551325555
553222225535554555322222
553555325535554555355552
553555325535554444355552
553333323333334333355552
222255322222554555355552
553255355532554555355555
553211111532554444355555
553255351532553555333335
553222221222223255355535
553255321432553255355535
553255321132553255355535
553255325432153255355535
553222222222222222325535
553555355432153255325535
553555355534444455325535
553555355111113255325535
222255322222212222222232
553255355532513255325532
553255355532513255325532
553255355112113255325532


Iteration 83: 
553222225532213255322232
553555325535513255355532
553555325535513255355532
553555325533311111355532
222255325535553221325552
553255355535553551325555
553255355544444551325555
553255355535554551325555
553222225535554555322222
553555325535554555355552
553555325535554444355552
553333323333334333355552
222255322222554555355552
553255355532554555355555
553211111532554444355555
553255351532553555333335
553222221222223255355535
553255321432553255355535
553255321132553255355535
553255325432153255355535
553222222222222222325535
553555355432153255325535
553555355534444455325535
553555355111113255325535
222255322222212222222232
553255355532513255325532
553255355532513255325532
553255355112113255325532


Iteration 84: 
553222225532213255322232
553555325535513255355532
553555325535513255355532
553555325533311111355532
222255325535553221325532
553255355535553551325535
553255355544444551325535
553255355535554551325535
553222225535554555322222
553555325535554555355552
553555325535554444355552
553333323333334333355552
222255322222554555355552
553255355532554555355555
553211111532554444355555
553255351532553555333335
553222221222223255355535
553255321432553255355535
553255321132553255355535
553255325432153255355535
553222222222222222325535
553555355432153255325535
553555355534444455325535
553555355111113255325535
222255322222212222222232
553255355532513255325532
553255355532513255325532
553255355112113255325532


Iteration 85: 
553222225532213255322232
553555325535513255355532
553555325535513255355532
553555325533311111355532
222255322222553221325532
553255355535553551325535
553255355544444551325535
553255355535554551325535
553222225535554555322222
553555325535554555355552
553555325535554444355552
553333323333334333355552
222255322222554555355552
553255355532554555355555
553211111532554444355555
553255351532553555333335
553222221222223255355535
553255321432553255355535
553255321132553255355535
553255325432153255355535
553222222222222222325535
553555355432153255325535
553555355534444455325535
553555355111113255325535
222255322222212222222232
553255355532513255325532
553255355532513255325532
553255355112113255325532


Iteration 86: 
553222225532213255322232
553555325535513255355532
553555325535513255355532
553555325533311111355532
222255322222553221325532
553255355532553551325535
553255355542444551325535
553255355532554551325535
553222225532554555322232
553555325535554555355532
553555325535554444355532
553333323333334333355532
222255322222554555355552
553255355532554555355555
553211111532554444355555
553255351532553555333335
553222221222223255355535
553255321432553255355535
553255321132553255355535
553255325432153255355535
553222222222222222325535
553555355432153255325535
553555355534444455325535
553555355111113255325535
222255322222212222222232
553255355532513255325532
553255355532513255325532
553255355112113255325532


Iteration 87: 
553222225532213255322232
553555325535513255355532
553555325535513255355532
553555325533311111355532
222255322222553221325532
553255355532553551325535
553255355542444551325535
553255355532554551325535
553222225532554555322232
553555325535554555355532
553555325535554444355532
553333323333334333355532
222255322222554555355552
553255355532554555355555
553211111532554444355555
553255351532553555333335
553222221222223255355535
553255321432553255355535
553255321132553255355535
553255325432153255355535
553222222222222222325535
553555355432153255325535
553555355534444455325535
553555355111113255325535
222255322222212222222232
553255355532513255325532
553255355532513255325532
553255355112113255325532


Iteration 88: 
553222225532213255322232
553555325535513255355532
553555325535513255355532
553555325533311111355532
222255322222553221325532
553255355532553551325535
553255355542444551325535
553255355532554551325535
553222225532222255322232
553555325535554555355532
553555325535554444355532
553333323333334333355532
222255322222554555355532
553255355532554555355535
553211111532554444355535
553255351532553555333335
553222221222223255355535
553255321432553255355535
553255321132553255355535
553255325432153255355535
553222222222222222325535
553555355432153255325535
553555355534444455325535
553555355111113255325535
222255322222212222222232
553255355532513255325532
553255355532513255325532
553255355112113255325532


Iteration 89: 
553222225532213255322232
553555325535513255355532
553555325535513255355532
553555325533311111355532
222255322222553221325532
553255355532553551325535
553255355542444551325535
553255355532554551325535
553222225532222255322232
553555325535554255355532
553555325535554244355532
553333323333334233355532
222255322222554255355532
553255355532554555355535
553211111532554444355535
333255351532553555333333
553222221222223255355535
553255321432553255355535
553255321132553255355535
553255325432153255355535
553222222222222222325535
553555355432153255325535
553555355534444455325535
553555355111113255325535
222255322222212222222232
553255355532513255325532
553255355532513255325532
553255355112113255325532


Iteration 90: 
553222225532213255322232
553555325535513255355532
553555325535513255355532
553555325533311111355532
222255322222553221325532
553255355532553551325535
553255355542444551325535
553255355532554551325535
553222225532222255322232
553555325535554255355532
553555325535554244355532
333333323333334233355533
223255322222554255355532
553255355532554555355535
553211111532554444355535
333255351532553555333333
553222221222223255355535
553255321432553255355535
553255321132553255355535
553255325432153255355535
553222222222222222325535
553555355432153255325535
553555355534444455325535
553555355111113255325535
222255322222212222222232
553255355532513255325532
553255355532513255325532
553255355112113255325532


Iteration 91: 
553222225532213255322232
553555325535513255355532
553555325535513255355532
553555325533311111355532
222255322222553221325532
553255355532553551325535
553255355542444551325535
553255355532554551325535
553222225532222255322232
553555325535554255355532
553555325535554244355532
333333323333334233355533
223255322222554222225532
553255355532554555355535
553211111532554444355535
333255351532553555333333
553222221222223255355535
553255321432553255355535
553255321132553255355535
553255325432153255355535
553222222222222222325535
553555355432153255325535
553555355534444455325535
553555355111113255325535
222255322222212222222232
553255355532513255325532
553255355532513255325532
553255355112113255325532


Iteration 92: 
553222225532213255322232
553555325535513255355532
553555325535513255355532
553555325533311111355532
222255322222553221325532
553255355532553551325535
553255355542444551325535
553255355532554551325535
553222225532222255322232
553555325535554255355532
553555325535554244355532
333333323333334233355533
223255322222554222225532
553255355532554555325535
553211111532554444325535
333255351532553555323333
553222221222223255325535
553255321432553255355535
553255321132553255355535
553255325432153255355535
553222222222222222325535
553555355432153255325535
553555355534444455325535
553555355111113255325535
222255322222212222222232
553255355532513255325532
553255355532513255325532
553255355112113255325532


Iteration 93: 
553222225532213255322232
553555325535513255355532
553555325535513255355532
553555325533311111355532
222255322222553221325532
553255355532553551325535
553255355542444551325535
553255355532554551325535
553222225532222255322232
553555325535554255355532
553555325535554244355532
333333323333334233355533
223255322222554222225532
553255355532554555325535
553211111532554444325535
333255351532553555323333
553222221222223255325535
553255321432553255355535
553255321132553255355535
553255325432153255355535
553222222222222222325535
553555355432153255325535
553555355534444455325535
553555355111113255325535
222255322222212222222232
553255355532513255325532
553255355532513255325532
553255355112113255325532


Iteration 94: 
553222225532213255322232
553555325535513255355532
553555325535513255355532
553555325533311111355532
222255322222553221325532
553255355532553551325535
553255355542444551325535
553255355532554551325535
553222225532222255322232
553555325535554255355532
553555325535554244355532
333333323333334233355533
223255322222554222225532
553255355532554555325535
553211111532554444325535
333255351532553555323333
553222221222223255322222
553255321432553255355535
553255321132553255355535
553255325432153255355535
553222222222222222325535
553555355432153255325535
553555355534444455325535
553555355111113255325535
222255322222212222222232
553255355532513255325532
553255355532513255325532
553255355112113255325532


Iteration 95: 
553222225532213255322232
553555325535513255355532
553555325535513255355532
553555325533311111355532
222255322222553221325532
553255355532553551325535
553255355542444551325535
553255355532554551325535
553222225532222255322232
553555325535554255355532
553555325535554244355532
333333323333334233355533
223255322222554222225532
553255355532554555325535
553211111532554444325535
333255351532553555323333
553222221222223255322222
553255321432553255355532
553255321132553255355532
553255325432153255355532
553222222222222222325532
553555355432153255325535
553555355534444455325535
553555355111113255325535
222255322222212222222232
553255355532513255325532
553255355532513255325532
553255355112113255325532


Iteration 96: 
553222225532213255322232
553555325535513255355532
553555325535513255355532
553555325533311111355532
222255322222553221325532
553255355532553551325535
553255355542444551325535
553255355532554551325535
553222225532222255322232
553555325535554255355532
553555325535554244355532
333333323333334233355533
223255322222554222225532
553255355532554555325535
553211111532554444325535
333255351532553555323333
553222221222223255322222
553255321432553255355532
553255321132553255355532
553255325432153255355532
553222222222222222325532
553555355432153255325535
553555355534444455325535
553555355111113255325535
222255322222212222222232
553255355532513255325532
553255355532513255325532
553255355112113255325532


Iteration 97: 
553222225532213255322232
553555325535513255355532
553555325535513255355532
553555325533311111355532
222255322222553221325532
553255355532553551325535
553255355542444551325535
553255355532554551325535
553222225532222255322232
553555325535554255355532
553555325535554244355532
333333323333334233355533
223255322222554222225532
553255355532554555325535
553211111532554444325535
333255351532553555323333
553222221222223255322222
553255321432553255355532
553255321132553255355532
553255325432153255355532
222222222222222222325532
553555355432153255325535
553555355534444455325535
553555355111113255325535
222255322222212222222232
553255355532513255325532
553255355532513255325532
553255355112113255325532


Iteration 98: 
553222225532213255322232
553555325535513255355532
553555325535513255355532
553555325533311111355532
222255322222553221325532
553255355532553551325535
553255355542444551325535
553255355532554551325535
553222225532222255322232
553555325535554255355532
553555325535554244355532
333333323333334233355533
223255322222554222225532
553255355532554555325535
553211111532554444325535
333255351532553555323333
553222221222223255322222
553255321432553255355532
553255321132553255355532
553255325432153255355532
222222222222222222325532
553555355432153255325535
553555355534444455325535
553555355111113255325535
222255322222212222222232
553255355532513255325532
553255355532513255325532
553255355112113255325532


Iteration 99: 
553222225532213255322232
553555325535513255355532
553555325535513255355532
553555325533311111355532
222255322222553221325532
553255355532553551325535
553255355542444551325535
553255355532554551325535
553222225532222255322232
553555325535554255355532
553555325535554244355532
333333323333334233355533
223255322222554222225532
553255355532554555325535
553211111532554444325535
333255351532553555323333
553222221222223255322222
553255321432553255355532
553255321132553255355532
553255325432153255355532
222222222222222222325532
553555355432153255325535
553555355534444455325535
553555355111113255325535
222255322222212222222232
553255355532513255325532
553255355532513255325532
553255355112113255325532


Iteration 100: 
553222225532213255322232
553555325535513255355532
553555325535513255355532
553555325533311111355532
222255322222553221325532
553255355532553551325535
553255355542444551325535
553255355532554551325535
553222225532222255322232
553555325535554255355532
553555325535554244355532
333333323333334233355533
223255322222554222225532
553255355532554555325535
553211111532554444325535
333255351532553555323333
553222221222223255322222
553255321432553255355532
553255321132553255355532
553255325432153255355532
222222222222222222325532
553555355432153255325535
553555355534444455325535
553555355111113255325535
222255322222212222222232
553255355532513255325532
553255355532513255325532
553255355112113255325532
