Iteration 0: robots on floor with initial tile pattern
666655556666555566665555666655556
666655556666555566665555666655556
666655556666555566665555666655556
666655556666555566665555666655556
555566665555666655556666555566665
555566665555666655556666555566665
555566665555666655556666555566665
555566664555666655556666555566665
666655556666555566665555666655556
666655556666555566665555666655556
666655556666555566665555666655556
666655556666555566665555666655556
555566665555666655556666555566665
555566665555666655556666555566665
555566665555666655556666555566665
555566665555666655556666555166665
666655556666555566665255666655556
666655556666555566665555666655556
666651556666555566665555666655556
666655556666555566665555666655556
255566645555666655556664555566365
555566665555666655556666555566665
555566665555666655556666555566615
555566665555666655556666555566665
666655556666555566665555666655556
666655556666555566665555666655556
666655556666555566665555666655556
666655556666555566665555666655556


Iteration 1: 
666655556666555566665555666655556
666655556666555566665555666655556
666655556666555566665555666655556
666655556666555566665555666655556
555566665555666655556666555566665
555566665555666655556666555566665
555566665555666655556666555566665
555566664555666655556666555566665
666655554666555566665555666655556
666655554666555566665555666655556
666655554666555566665555666655556
666655554666555566665555666655556
555566665555666655556666555566665
555566665555666655556666555566665
555561665555666655556666555566665
555561665555666655556666555111115
666651556666555566665222226655356
666651556666555566665555666655356
666651556666555566665555666655356
666655556666555566665555666655356
222226645555666655556664444466365
555566645555666655556666555566665
111566645555666655556666555566611
555566645555666655556666555566665
666655546666555566665555666655556
666655556666555566665555666655556
666655556666555566665555666655556
666655556666555566665555666655556


Iteration 2: 
666655556666555566665555666655556
666655556666555566665555666655556
666655556666555566665555666655556
666655556666555566665555666655556
555566665555666655556666555566665
555566665555666655556666555566665
555566665555666655556666555566665
555566664555666655556666555566665
666655554666555566665555666655556
666655554666555566665555666655556
666655554666555566665555666655556
666655554666555566665555666655556
555566665555666655556666555566665
555566665555666655556666555566665
555561665555666655556666555566665
555561665555666655556666555111115
336651556666555566665222226655333
666651556666555566665555666655356
666651556666555566665555666655356
666655556666555566665555666655356
222226645555666655556664444466365
555566645555666655556666555466665
111566645555666655556666555466611
551566645555666655556666555466665
661444446666555566665555666455556
661655556666555566665555666655556
661655556666555566665555666655556
666655556666555566665555666655556


Iteration 3: 
666655556666555566665555666655556
666655556666555566665555666655556
666655556666555566665555666655556
666655554666555566665555666655556
555566664555666655556666555566665
555566664555666655556666555566665
555566664555666655556666555566665
555566664555666655556666555566665
666655554666555566665555666655556
666655554666555566665555666655556
666655554666555566665555666655556
666655554666555566665555666155556
555566665555666655556666555166665
555566665555666655556666555166665
555561665555666655556666555166665
555561665555666655556666555111115
336651556666555566665222226655333
666651556666555566665555666655356
611111556666555566665555666655356
666655556666555566665555666655356
222226645555666655556664444466365
555566645555666655556666555466665
111566645555666655556666555466611
551566645555666655556666555466665
661444446666555566665555666455556
661655556666555566665555666655556
661655556666555566665555666655556
666655556666555566665555666655556


Iteration 4: 
666655556666555566665555666655556
666655556666555566665555666655556
666655556666555566665555666655556
666655554666555566665555666655556
555566664555666655556666555566665
555566664555666655556666555566665
555566664555666655556666555566665
555566664555666655556666555566665
666655554666555566665555666655556
666655554666555566665555666655556
666655554666555566665555666655556
666655554666555566665555666155556
555566665555666655556666555166665
555566665555666655556666555166665
555561665555666655556666555166665
555561665555666655556666555111115
336651556666555566665222226455333
666651556666555566665555666455356
611111556666555566665555666455356
666655556666555566665555666455356
222226645555666655556664444466365
555566645555666655556666555466665
111111145555666655556666555466611
551566645555666655556666555466665
661444444444555566665555666455556
661655556666555566665555666655556
661655556666555566665555666655556
666655556666555566665555666655556


Iteration 5: 
666655556666555566665555666655556
666655556666555566665555666655556
666655556666555566665555666655556
666655554666555566665555666655556
555566664555666655556666555566665
555566664555666655556666555566665
555566664555666655556666555566665
555566664555666655556666555566665
666655554666555566665555666655556
666655554666555566665555666655556
666655554666555566665555666655556
666655554666555566665555666155556
555566665555666655556666555166665
555566665555666655556666555166665
555561665555666655556666555166665
555561665555666655556661111111115
336651556666555566665222226455333
666651556666555566665555666455356
611111556666555566665555666455356
666651556666555566665555666455356
322221645555666655556664444466333
555561645555666655556666555466665
111111145555666655556666555466611
551566645555666655556666555466665
661444444444555566665555666455556
661655556666555566665555666655556
661655556666555566665555666655556
666655556666555566665555666655556


Iteration 6: 
666655556666555566665555666655556
666655556666555566665555666655556
666655556666555566665555666655556
666655554666555566665555666655556
555566664555666655556666555566665
555566664555666655556666555566665
555566664555666655556666555566665
555566664555666655556666555566665
666655554666555566665555666655556
666655554666555566665555666655556
666655554666555566665555666655556
666655554666555566665555666155556
555566664555666655556666555166665
555566664555666655556666555166665
555561664555666655556666555166665
555561664555666655556661111111115
336651556666555566665222226455333
666651556666555566665555666455356
611111556666555566665555666455356
661651556666555566665555666455356
222221645555666655556664444466333
551561645555666655556666555466665
111111145555666655556666555466611
551566645555666655556666555466665
661444444444555566665555666455556
661655556666555566665555666655556
661655556666555566665555666655556
666655556666555566665555666655556


Iteration 7: 
666655556666555566665555666455556
666655556666555566665555666655556
666655556666555566665555666655556
666655554666555566665555666655556
555566664555666655556666555566665
555566664555666655556666555566665
555566664555666655556666555566665
555566664555666655556666555566665
666655554666555566665555666655556
666655554666555566665555666655556
666655554666555566665555666655556
666655554666555566665555666155556
555566664555666655556666555166665
555566664555666655556666555166665
555561664555666655556666555166665
555544444555666655556661111111115
336651556666555566665222226155333
666651556666555566665555666155356
611111156666555566665555666155356
611651556666555566665555666155356
212221645555666655556664444466333
211561645555666655556666555466365
211111145555666655556666555466311
251566645555666655556666555466365
244444444444555566665555666455354
661655556666555566665555666455556
661655556666555566665555666455556
666655556666555566665555666455556


Iteration 8: 
266655556666555566665555666455556
666655556666555566665555666655556
666655556666555566665555666655556
666655554666555566665555666655556
555566664555666655556666555566665
555566664555666655556666555566665
555566664555666655556666555566665
555566664555666655556666555566665
666655554666555566665555666655556
666655554666555566665555666655556
666655554666555566665555666655556
666655554666555566665555666155556
555566664555666655556666555166665
555566664555666655556666555166665
555561664555666655556666555166665
555544444555666655556661111111115
336651556666555566665222226155333
666651556666555566665555666155356
611111156666555566665555666155356
611651156666555566665555666155356
212221145555666655556664444166333
211561145555666655556666555166365
211111145555666655556666555166311
251566645555666655556666555166365
444444444444555566665555663433354
261655556666555566665555666455556
261655556666555566665555666455556
266655556666555566665555666455556


Iteration 9: 
266655556666555566665555666455556
666655556666555566665555666655556
666655556666555566665555666655556
666655554666555566665555666655556
555566664555666655556666555566665
555566664555666655556666555566665
555566664555666655556666555566665
555566664555666655556666555566665
666655554666555566665555666655556
666655554666555566665555666655556
666655554666555566665555666655556
666655554666555566665555666155556
555566664555666655556666555166665
555566664555666655556666555166665
555561664555666655556666555166665
555544444444466655556661111111115
336651556666555566665222226155333
666651556666555566665555666155356
611111156666555566665555666155356
611651156666555566665555666155356
212221145555666655556664444166333
211561145555666655556666555166365
211111145555666655556666555166311
251566645555666655556666555166365
244444444444555566665554444133354
261655556666555566665555666155556
261655556666555566665555666155556
266655556666555566665555666155556


Iteration 10: 
266655556666555566665555666155556
666655556666555566665555666155556
666655556666555566665555666155556
666655554666555566665555666155556
555566664555666655556666555566665
555566664555666655556666555566665
555566664555666655556666555566665
555566664555666655556666555566665
666655554666555566665555666655556
666655554666555566665555666655556
666655554666555566665555666655556
666655554666555566665555666155556
555566664555666655556666555166665
555566664555666655556666555166665
555561664555666655556666555166665
555544444444466655556661111111115
336651556666555566665222226155333
666651556666555566665555666155356
611111156666555566665555666155356
611651156666555566665555666155356
211221145555666655556664444166333
211561145555666655556664555166365
211111145555666655556664555166311
251566645555666655556664555166365
244444444444555566665554444133354
261655556666555566665555666155556
261655556666555566665555666155556
266655556666555566665555666155556


Iteration 11: 
266655556666555566665555666155556
666655556666555566665555666155556
666655556666555566665555666155556
666655554666555566665555666155556
555566664555666655556666555566665
555566664555666655556666555566665
555566664555666655556666555566665
555566664555666655556666555566665
666655554666555566665555666655556
666655554666555566665555666655556
666655554666555566665555666655556
666655554666555566665555666155556
555566664555666655556666555166665
555566664555666655556666555166665
555561664555666655556666555166665
555544444444466655556661111111115
336651556666555566665224226155333
666651556666555566665554666155356
611111156666555566665554666155356
611651156666555566665554666155356
211221145555666655556664443333333
211561145555666655556664555166365
211111145555666655556664555166311
251566645555666655556664555166365
244444444444444466665554444133354
261655556666555566665555666155556
261655556666555566665555666155556
266655556666555566665555666155556


Iteration 12: 
266655556666555466665555666155556
666655556666555566665555666155556
666655556666555566665555666155556
666655554666555566665555666155556
555566664555666655556666555566665
555566664555666655556666555566665
555566664555666655556666555566665
555566664555666655556666555566665
666655554666555566665555666655556
666655554666555566665555666655556
666655554666555566665555666655556
666655554666555566665555666155556
555566664555666655556666555166665
555566664555666655556666555166665
555561664555666655556666555166665
444444444444466655556661111111115
336651556666555566665222226155333
666651556666555566665554666155356
611111156666555566665554666155356
611651156666555566665554666155356
211221145555666655556634333333333
211561145555666655556664555166365
211111145555666655556664555166311
251566645555666655556664555166365
244444444444444466665554444133354
261655556666555466665555666155556
261655556666555466665555666155556
266655556666555466665555666111116


Iteration 13: 
266655556664444466665555666155516
666655556666555566665555666155516
666655556666555566665555666155516
666655554666555566665555666155516
555566664555666655556666555566665
555566664555666655556666555566665
555566664555666655556666555566665
555566664555666655556666555566665
666655554666555566665555666655556
666655554666555566665555666655556
666655554666555566665555666655556
466655554666555566665555666155556
455566664555666655556666555166665
455566664555666655556666555166665
455561664555666655556666555166665
444444444444466655556661111111115
336651556666555566665222226155333
666651556666555566665554666155356
611111156666555566665554666155356
611651156666555566665554666155356
211221145555666655556633444433333
211561145555666655556664555166365
211111145555666655556664555166311
251566645555666655556664555166365
244444444444444466665554444133354
261655556666555466665555666155556
261655556666555466665555666155556
266655556666555466665555666111116


Iteration 14: 
266655556664444466665555666155516
666655556666555566665555666155516
666655556666555566665555666155516
666655554666555566665555666111116
555566664555666655556666555566665
555566664555666655556666555566665
555566664555666655556666555566665
555566664555666655556666555566665
666655554666555566665555666655556
666655554666555566665555666655556
666655554666555566665555666655556
466655554666555566665555666155556
455566664555666655556666555166665
455566664555666655556666555166665
455561664555666655556666555166665
444444444444466655556661111111115
336651556666555566665222223455333
666651556666555566665554663455356
611111156666555566665554663455356
611651156666555566665554663455356
211221145555666655556633444433333
211561145555666655556664555166365
211111145555666655556664555166311
251566645555666655556664555166365
244444444444444466665554444133354
261655556666555466665555666155556
261655556666555466665555666155556
266655556666555466665555666111116


Iteration 15: 
266655556664444444445555666155516
666655556666555566665555666155516
666655556666555566665555666155516
666655554666555566665555666111116
555566664555666655556666555566665
555566664555666655556666555566665
555566664555666655556666555566665
555566664555666655556666555566665
666655554666555566665555666655556
666655554666555566665555666655556
666655554666555566665555666655556
466655554666555566665555666155556
455566664555666655556666555166665
455566664555666655556666555166665
455561664555666655556666555166665
444444444444466655556661111111115
436651556666555566665222223444443
466651556666555566665554663455356
411111156666555566665554663455356
411651156666555566665554663455356
211221145555666655556633443433333
211561145555666655556664555166365
211111145555666655556664555166311
251566645555666655556664555166365
244444444444444466665554444133354
261655556666555466665555666155556
261655556666555466665555666155556
266655556666555466665555666111116
