Iteration 0: robots on floor with initial tile pattern
352215353454532116155443634225143
352215353454532116155443634225143
352215353454532116155443634225143
352215353454532111155443634225143
352215353454532116155443634225143
352215353454532116155443634225143
352215353454532116155443634225143
352215353454532116155443634225143
352215353454532116155443634225143
352215353454532316155443634225143
352215353454532116155443634225143
352215353454532116155443634225143
352215353454532116155443634225143
352215353454532116155443634225143
352215353454532116155443634225123
352215353454532116155443634225143
352215353454532116155443634225143
352215353454532116155443634225143
352215353454532116155343634225143
352215353454532116155443634225143
354215353454532116155443634225143
352215353454534116155443634225143
352215353454532116155443634225143
352215353454532116155443634225143
352215353454532116155443634225143
352215353454532116155443634225143
352215353454532116155443634225143
352215353454532116155443634225143


Iteration 1: 
352215353454532116155443634225143
352215353454532116155443634225143
352222253454532116155443634225143
352215353454532111155443633333143
352215353454532111155443634225143
352215353454532311155443634225143
352215353454532311155443634225143
352215353454532311155443634225143
352215353454532316155443634225143
352215353454532316155443634225143
352215353454532116155443634225143
352215353454532116155443634225143
352215353454532116155443634225143
352215353454532116155443634225143
352215353454533333155443634225123
352215353454532116155443634225123
352215353454532116155443634225123
352215353454534116155443634225123
352215353454534116155343634225123
352215353454534116155343634225143
354444453454534116155343634225143
352215353454534116155343634225143
352215353454532116155343634225143
352215353454532116155443634225143
352215353454532116155443634225143
352215353454532116155443634225143
352215353454532116155443634225143
352215353454532116155443634225143


Iteration 2: 
352215253454532116155443634225143
352215253454532116155443634225143
352222253454532116155443634225143
352215353454532111155443633333143
352215353454532111155443634223143
352215353454532331335443634223143
352215353454532311155443634223143
352215353454532311155443634223143
352215353454532316155443634225143
352215353454532316155443634225143
352215353454532116155443634225143
352215353454532116155443634225143
352215353454532116155443634225143
352215353454532116155443634225143
352215353454533333155443634225123
352215353454532116155443634225123
352215453454532116155443634225123
352215453454534116155443634225123
352215453454534116155343634225123
352215453454534116155343634225123
354444453454534116155343634225123
352215353454534116155343634225123
352215353454532116155343634225123
352215353454532116155343634225143
352215353454532116155343634225143
352215353454532116155343634225143
352215253454532116155343634225143
352215253454532116155443634225143


Iteration 3: 
352215253454532116155343634225143
352215253454532116155343634225143
352222253454532116155343634225143
352215353454532111111143633333143
352215353454532111155443634223143
352215353454532331335443634223143
352215353454532311135443634223143
352215353454532311135443633333143
352215353454532316135443634225143
352215353454532316135443634225143
352215353454532116155443634225143
352215353454532116155443634225143
352215353454532116155443634225143
352215353454532116155443634225143
352215353454533333155443634225123
352215353454532116155443634225123
354444453454532116155443634225123
352215453454534116155443634225123
352215453454534116155343634225123
352215453454534116155343634225123
354444453454534116155343634225123
352215353454534116155343634225123
352215353454534116155343634225123
352215353454534116155343634225123
352215353454534116155343634225123
352215353454534116155343634225123
352222253454532116155343634225123
352215253454532116155343634225143


Iteration 4: 
352215253454532116155343634225123
352215253454532116155343634225123
352222253454532116155343634225123
352215353454532111111311113333143
352215353454532111155343634223143
352215353454532331335343634223143
352215353454532311135343634223143
352215353454532311135443633333143
352215353454532316135443634225143
352215353454532333335443634225143
352215353454532116155443634225143
352215353454532116155443634225143
352215353454532116155443634225143
352215353454532116155443634225143
352215353454533333155443634225123
352215353454532116155443634225123
354444453454532116155443634225123
352215453454534116155443634225123
352215453454533333155343634225123
352215453454534116155343634225123
354444453454534116155343634225123
352215353454534116155343634225123
352215353454534116155343634225123
352215353454534116155343634225123
352215353454534116155343634225123
352215353454534116155343634225123
352222253454532116155343634225123
352215253454532116155343634225123


Iteration 5: 
352215253454532116155343614225123
352215253454532116155343614225123
352222253454532116155343614225123
352215353454532111111311113333123
352215353454532111155343634223123
352215353454532331335343634223123
352215353454532311135343634223123
352215353454532311135343633333143
352215353454532316135343634225143
352215353454532333335343634225143
352215353454532316155343634225143
352215353454532316155443633333143
352215353454532316155443634225143
352215353454532316155443634225143
352215353454533333155443634225123
352215353454532116155443634225123
354444444444532116155443634225123
352215453454534116155443634225123
352215453454533333155343634225123
352215453454534116155343634225123
354444453454534116155343634225123
352215353454534116155343634225123
352215353454534116155343634225123
352215353454534116155343634225123
352215353454534116155343634225123
352215353454534116155343634225123
352222253454532116155343634225123
352215253454532116155343614225123


Iteration 6: 
352215253454532116155343614225123
352215253454532116155343614225123
352222253454532116155343614225123
352215353454532111111311113333123
352215353454532111155343634223123
352215353454532331335343634223123
352215353454532311135343634223123
352215353454532311135343633333123
352215353454532316135343634225123
352215353454532333335343634225123
352215353454532316155343634225123
352215353454532316155343633333143
352215353454532316155343634223143
352215353453333316155343634223143
352215353454534333155343634223123
352215353454534116155443634223123
354444444444534116155443634225123
352215453444534116155443634225123
352215453444533333155343634225123
352215453444534116155343634225123
354444453444534116155343634225123
352215353454534116155343634225123
352215353454534116155343634225123
352215353454534116155343634225123
352215353454534116155343634225123
352215353454534116155343634225123
352222253454532116155343634225123
352215253454532116155111114225123


Iteration 7: 
352215253454532116155143614225123
352215253454532116155143614225123
352222253454532116155143614225123
352215353454532111111111113333123
352215353454532111155343634223123
352215353454532331335343634223123
352215353454532311135343634223123
352215353454532311135343633333123
352215353454532316135343634225123
352215353454532333335343634225123
352215353454532316155343634225123
352215353454532316155343633333123
352215353454532316155343634223123
352215333333333316155343634223123
352215353454534333155343634223123
352215353454534116155343633333123
354444444444534116155343634225123
352215453444534116155343634225123
352215453444533333155343634225123
352215453444534116155343634225123
354444444444534116155343634225123
352215353454534116155343634225123
352215353454533333155343634225123
352215353454534116155343634225123
352215353454534116155343634225123
352215353454534116155343634225123
352222253454532116155343634225123
352215253454532116155111114225123


Iteration 8: 
352215253454532116155143614225123
352215253454532116155143614225123
352222253454532116155143614225123
352215353454532111111111113333123
352215353454532111155343634223123
352215353454532331335343634223123
352215353454532311135343634223123
352215353454532311135343633333123
352215353454532316135343634225123
352215333454532333335343634225123
352215333454532316155343634225123
352215333454532316155343633333123
352215333454532316155343634223123
352215333333333316155343634223123
352215353454534333155343634223123
352215353454534116155343633333123
354444444444534116155343634225123
352215453444534116155343634225123
352215453444534333155333334225123
352215453444534116155343634225123
354444444444534116155343634225123
352215353454534116155343634225123
352215353454533333155343634225123
352215353454534116155343634225123
352215353454534116155343634225123
352215353454534116155343634225123
352222253454532116155343634225123
352215253454532116155111114225123


Iteration 9: 
352215253454532116155143614225123
352215253454532116155143614225123
352222253454532116155143614225123
352215353454532111111111113333123
352215353454532111155343614223123
352215353454532331335343614223123
352215353454532311135343614223123
352215353454532311135343613333123
352215353454532316135343634225123
352215333333532333335343634225123
352215333454532316155343634225123
352215333454532316155343633333123
352215333454532316155343634223123
352215333333333316155343634223123
352215353454534333155343634223123
352215353454534116155343633333123
354444444444534116155343634225123
352215453444534116155343634225123
352215453444534333155333334225123
352215453444534116155343633333123
444444444444534116155343634225144
352215353454534116155343634225123
352215353454534333155343634225123
352215353454534116155343634225123
352215353454534116155343634225123
352215353454534116155343634225123
352222253454532116155343634225123
352215253454532116155111114225123


Iteration 10: 
352215253454534116155143614225123
352215253454534116155143614225123
352222253454532116155143614225123
352215353454532111111111113333123
352215353454532111155343614223123
352215353454532331335343614223123
352215353454532311135343614223123
352215353454532311135343611111123
352215353454532316135343634225123
352215333333333333335343634225123
352215333454532316155343634225123
352215333454532316155343633333123
352215333454532316155343634223123
352215333333333316155343634223123
352215353454534333155333334223123
352215353454534116155343633333123
354444444444534116155343634225123
352215453444534116155343634225123
352215453444534333155333334225123
352215453444534116155343633333123
444444444444534116155343634223144
352215353454534116155343634223123
352215353454534333155343634223123
352215353454534116155343634223123
352215353454534116155343634225123
352215353454534116155343634225123
352222253454533333155343634225123
352215253454534116155111114225123


Iteration 11: 
352215253454534116155143614225123
352215253454534116155143614225123
352222253454532116155143614225123
352215353454532111111111113331123
352215353454532111155343614221123
352215353454532331335343614221123
352215353454532311135343614221123
352215353454532311135343611111123
352215353454532316135343634225123
352215333333333333335343634225123
352215333454532316155343634225123
352215333454532316155343633333123
352215333454532316155343634223123
352215333333333316155343634223123
352215353454534333155333334223123
352215353454534116155343633333123
354444444444534116155343634225123
352215453444534116155343634225123
352215453444534333155333334225123
352215453444534116155343633333123
444444444444534116155343634223144
352215353454534116155343634223123
352215353454534333155343634223123
352215353454534116155343633333123
352215353454534116155343634225123
352215353454534116155343634225123
352222253454533333155343634225123
352215253454534116155111114225123


Iteration 12: 
352215253454534116155143614225123
352215253454534116155143614225123
352222253454532116155143614225123
352215353454532111111111111111123
352215353454532111155343614221123
352215353453333331335343614221123
352215353454532311135343614221123
352215353454532311135343611111123
352215353454532316135343634225123
352215333333333333335343634225123
352215333454532316155343634225123
352215333454532316155343633333123
352215333454532316155343634223123
352215333333333316155343634223123
352215353454534333155333334223123
352215353454534116155343633333123
354444444444534116155343634225123
352215453444534116155343634225123
352215453444534333155333334225123
352215453444534116155343633333123
444444444444534116155343634223144
352215353454534116155343634223123
352215353454534333155343634223123
352215353454534116155343633333123
352215353454534116155343634225123
352215353454534116155343634225123
352222253454533333155343634225123
352215253454534116155111134225123


Iteration 13: 
352215253454534116155143614225123
352215253454534116155143614225123
352222253454533333155143614225123
352215353454532111111111111111123
352215353454532111155343614221123
352215333333333331335343614221123
352215353454532311135343614221123
352215353454532311135343611111123
352215353454532316135343634225123
352215333333333333335343634225123
352215333454532316155343634225123
352215333454532316155343633333123
352215333454532316155343634223123
352215333333333316155343634223123
352215353454534333155333334223123
352215353454534116155343633333123
354444444444534116155343634225123
352215453444534116155343634225123
352215453444534333155333334225123
352215453444534116155343633333123
444444444444444116155343634223144
352215353454534116155343634223123
352215353454534333155343634223123
352215353454534116155343633333123
352215353454534116155343634225123
352215353454534116155343634225123
352222253454533333155343634225123
352215253454534116155333314225123


Iteration 14: 
352215253454534116155143614225123
352215233454534116155143614225123
352222233454533333155143614225123
352215333454532111111111111111123
352215333454532111155343614221123
352215333333333331335343614221123
352215353454532311135343614221123
352215353454532311135343611111123
352215353454532316135343634225123
352215333333333333335343634225123
352215333454532316155343634225123
352215333454532316155343633333123
352215333454532316155343634223123
352215333333334316155343634223123
352215353454534333155333334223123
352215353454534116155343633333123
354444444444534116155343634225123
352215453444534116155343634225123
352215453444534333155333334225123
352215453444534116155343633333123
444444444444444444455343634223144
352215353454534116155343634223123
352215353454534333155343634223123
352215353454534116155343633333123
352215353454534116155343634225123
352215353454534116155343634225123
352222253454533333155343634225123
352215253454534116155111114225123


Iteration 15: 
352215253454534116155143614225123
352215233333534116155143614225123
352222233454533333155143614225123
352215333454532111111111111111123
352215333454532111155343614221123
352215333333333331335343614221123
352215353454532311135343614221123
352215353454532311135343611111123
352215353454532316135343634225123
352215333333333333335343634225123
352215333454532316155343634225123
352215333454532316155343633333123
352215333454532316155343634223123
352215333344444316155343634223123
352215353454534333155333334223123
352215353454534116155343633333123
354444444444534116155343634225123
352215453444534116155343634225123
352215453444534333155333334225123
352215453444534116155343633333123
444444444444444444455343634223144
352215353454534116455343634223123
352215353454534333455343634223123
352215353454534113433343633333123
352215353454534116455343634225123
352215353454534116155343634225123
352222253454533333155343634225123
352215253454534116155111114225123
